4 0.25 0.2828125 0.5 0.303125
4 0.25 0.215625 0.5 0.29375
5 0.31875 0.23515625 0.0765625 0.1265625
5 0.03359375 0.11953125 0.0671875 0.2390625
0 0.34140625 0.11875 0.0875 0.1546875
0 0.0390625 0.07890625 0.078125 0.1578125
4 0.75 0.43359375 0.5 0.2109375
4 0.75 0.4109375 0.5 0.25625
5 0.54453125 0.32890625 0.0890625 0.2515625
0 0.61171875 0.11328125 0.1390625 0.2265625
7 0.128125 0.79375 0.25625 0.234375
4 0.25 0.85625 0.5 0.2875
5 0.0328125 0.70390625 0.065625 0.2421875
0 0.03203125 0.61015625 0.0640625 0.1421875
0 0.4921875 0.715625 0.015625 0.134375
5 0.484375 0.83203125 0.03125 0.1234375
4 0.25 0.78515625 0.5 0.2703125
2 0.65078125 0.74375 0.1125 0.1265625
5 0.53359375 0.659375 0.0671875 0.240625
2 0.521875 0.89453125 0.04375 0.2109375
4 0.74609375 0.8046875 0.4921875 0.29375
4 0.75 0.74765625 0.5 0.2859375
5 0.78515625 0.78359375 0.0703125 0.11875
0 0.796875 0.6609375 0.0640625 0.128125
0 0.54140625 0.6125 0.0828125 0.146875