5 0.46171875 0.4828125 0.0765625 0.1125
5 0.0265625 0.3734375 0.053125 0.21875
4 0.25 0.33828125 0.5 0.2265625
4 0.25 0.42734375 0.5 0.1953125
2 0.98515625 0.1875 0.0296875 0.125
4 0.75 0.08359375 0.5 0.1671875
4 0.75 0.13828125 0.5 0.1921875
5 0.52734375 0.10859375 0.0546875 0.2171875
0 0.52109375 0.36796875 0.0421875 0.2765625
2 0.465625 0.934375 0.0625 0.075
4 0.25 0.80078125 0.5 0.2140625
4 0.25 0.8640625 0.5 0.196875
5 0.02265625 0.8203125 0.0453125 0.2375
5 0.525 0.61953125 0.05 0.1609375
5 0.525 0.85625 0.05 0.2875
4 0.75 0.59609375 0.5 0.1140625
4 0.75 0.63125 0.5 0.184375