5 0.02109375 0.3765625 0.0421875 0.240625
4 0.209375 0.32421875 0.41875 0.1140625
4 0.209375 0.39140625 0.41875 0.1078125
0 0.79375 0.2890625 0.0390625 0.1203125
0 0.4359375 0.36640625 0.034375 0.3109375
5 0.80546875 0.16953125 0.0515625 0.1328125
5 0.44453125 0.1140625 0.0515625 0.228125
4 0.709375 0.0625 0.58125 0.125
4 0.709375 0.13515625 0.58125 0.1359375
5 0.0375 0.91328125 0.075 0.1734375
4 0.209375 0.878125 0.41875 0.096875
4 0.209375 0.9578125 0.41875 0.084375
2 0.75234375 0.88515625 0.05625 0.0703125
4 0.709375 0.76640625 0.58125 0.1265625
4 0.709375 0.83125 0.58125 0.109375
5 0.8234375 0.8890625 0.0390625 0.1125
5 0.4390625 0.82578125 0.040625 0.2296875
0 0.80078125 0.96953125 0.0515625 0.0609375