6 0.334375 0.25 0.66875 0.5
1 0.6078125 0.16171875 0.121875 0.1265625
2 0.6796875 0.2765625 0.021875 0.065625
4 0.834375 0.21328125 0.33125 0.3390625
4 0.834375 0.3 0.33125 0.33125
5 0.690625 0.25703125 0.04375 0.1484375
0 0.6828125 0.390625 0.028125 0.125
2 0.2703125 0.54453125 0.1375 0.0890625
5 0.1234375 0.534375 0.08125 0.06875
0 0.10625 0.6328125 0.0625 0.140625
4 0.334375 0.5828125 0.66875 0.165625
4 0.334375 0.59375 0.66875 0.1875
4 0.834375 0.83359375 0.33125 0.3328125
4 0.834375 0.875 0.33125 0.25
5 0.68984375 0.8890625 0.0421875 0.153125
0 0.6875 0.96875 0.0375 0.0625