4 0.175 0.3265625 0.35 0.25
4 0.175 0.2671875 0.35 0.225
5 0.29375 0.1828125 0.0578125 0.1171875
5 0.025 0.3328125 0.05 0.240625
0 0.01953125 0.11015625 0.0390625 0.2203125
0 0.2546875 0.0765625 0.0625 0.1328125
2 0.23359375 0.184375 0.05 0.0671875
7 0.628125 0.2625 0.1125 0.0953125
4 0.675 0.43046875 0.65 0.2359375
4 0.675 0.35390625 0.65 0.2421875
5 0.75703125 0.2765625 0.065625 0.115625
5 0.3734375 0.428125 0.046875 0.240625
0 0.37109375 0.15234375 0.0421875 0.3046875
0 0.728125 0.1578125 0.0484375 0.128125
2 0.04765625 0.6375 0.0953125 0.075
5 0.02421875 0.69453125 0.0484375 0.1890625
5 0.19453125 0.62421875 0.0453125 0.0484375
4 0.175 0.69765625 0.35 0.1953125
4 0.175 0.65703125 0.35 0.1140625
0 0.0203125 0.6828125 0.040625 0.165625
0 0.1578125 0.63046875 0.059375 0.0609375
2 0.909375 0.73828125 0.05 0.071875
4 0.675 0.8703125 0.65 0.240625
4 0.675 0.809375 0.65 0.234375
5 0.97421875 0.7125 0.0515625 0.121875
5 0.3765625 0.87578125 0.053125 0.2484375
0 0.36953125 0.67734375 0.0390625 0.1546875
0 0.9515625 0.63203125 0.046875 0.0640625