2 0.30703125 0.42421875 0.0328125 0.0421875
4 0.175 0.54140625 0.35 0.0984375
4 0.175 0.46875 0.35 0.0875
5 0.33125 0.42421875 0.0375 0.1078125
5 0.025 0.45859375 0.05 0.2390625
0 0.02265625 0.18515625 0.0453125 0.2828125
0 0.328125 0.3171875 0.04375 0.14375
5 0.80390625 0.190625 0.0640625 0.1234375
5 0.37265625 0.20859375 0.0453125 0.2046875
0 0.36875 0.0765625 0.0375 0.153125
0 0.7875 0.07578125 0.040625 0.121875
4 0.675 0.30390625 0.65 0.1203125
4 0.675 0.21640625 0.65 0.0890625
2 0.07421875 0.81953125 0.1484375 0.1328125
4 0.175 0.87578125 0.35 0.1046875
4 0.175 0.7875 0.35 0.0875
5 0.29765625 0.75703125 0.0703125 0.1125
5 0.01875 0.76640625 0.0375 0.2140625
0 0.01953125 0.73046875 0.0390625 0.1421875
0 0.278125 0.6890625 0.0375 0.059375
1 0.46328125 0.9921875 0.2265625 0.015625
5 0.37578125 0.925 0.0515625 0.15
6 0.675 0.89453125 0.65 0.1796875