4 0.234375 0.10078125 0.46875 0.1953125
4 0.234375 0.19375 0.46875 0.165625
5 0.04140625 0.15234375 0.0828125 0.2359375
0 0.0296875 0.4203125 0.059375 0.2875
2 0.9953125 0.55625 0.009375 0.05625
4 0.734375 0.4140625 0.53125 0.178125
4 0.734375 0.49609375 0.53125 0.1703125
5 0.49375 0.45078125 0.05 0.2421875
4 0.234375 0.8234375 0.46875 0.165625
4 0.234375 0.9 0.46875 0.134375
5 0.04453125 0.865625 0.0890625 0.253125
2 0.60703125 0.9515625 0.08125 0.059375
4 0.734375 0.79609375 0.53125 0.1828125
4 0.734375 0.8890625 0.53125 0.159375
5 0.78046875 0.93828125 0.0578125 0.1140625
5 0.4984375 0.83515625 0.059375 0.2796875