0 0.0140625 0.2421875 0.028125 0.13125
0 0.41953125 0.23515625 0.0609375 0.3359375
5 0.01796875 0.1171875 0.0359375 0.146875
5 0.4 0.065625 0.1 0.13125
4 0.225 0.0640625 0.45 0.128125
4 0.225 0.08671875 0.45 0.1734375
1 0.95625 0.1828125 0.0875 0.09375
4 0.725 0.2109375 0.55 0.253125
6 0.725 0.34375 0.55 0.271875
4 0.225 0.5390625 0.45 0.11875
4 0.225 0.5796875 0.45 0.2
5 0.0171875 0.65703125 0.034375 0.1171875
0 0.0171875 0.77734375 0.034375 0.1515625
2 0.6921875 0.62109375 0.0515625 0.0765625
4 0.725 0.540625 0.55 0.121875
4 0.725 0.56953125 0.55 0.1796875
5 0.615625 0.6484375 0.0703125 0.1296875
0 0.64765625 0.7609375 0.0484375 0.1234375