1 0.0859375 0.10546875 0.171875 0.0734375
5 0.02734375 0.1515625 0.0546875 0.23125
4 0.234375 0.11796875 0.46875 0.1421875
6 0.234375 0.25703125 0.46875 0.2390625
4 0.734375 0.17109375 0.53125 0.1734375
4 0.734375 0.228125 0.53125 0.15625
5 0.49140625 0.2046875 0.0453125 0.25
2 0.94375 0.275 0.0671875 0.0765625
4 0.234375 0.62734375 0.46875 0.1421875
4 0.234375 0.70234375 0.46875 0.1515625
5 0.034375 0.67890625 0.06875 0.2421875
0 0.04296875 0.89453125 0.0859375 0.2109375
6 0.734375 0.94296875 0.53125 0.1140625
4 0.734375 0.86875 0.53125 0.15625
1 0.534375 0.8828125 0.13125 0.075
5 0.49453125 0.89453125 0.0515625 0.2109375