5 0.021875 0.3828125 0.04375 0.221875
0 0.025 0.13984375 0.05 0.2796875
4 0.225 0.41875 0.45 0.18125
4 0.225 0.34609375 0.45 0.1359375
6 0.725 0.40390625 0.55 0.2671875
4 0.725 0.54453125 0.55 0.1703125
1 0.51328125 0.53671875 0.1265625 0.0765625
5 0.4796875 0.5015625 0.059375 0.259375
2 0.340625 0.74609375 0.0453125 0.06875
4 0.225 0.86640625 0.45 0.1703125
4 0.225 0.80546875 0.45 0.1640625
5 0.41328125 0.746875 0.0578125 0.075
5 0.0265625 0.840625 0.053125 0.24375
0 0.02421875 0.784375 0.0484375 0.15
0 0.390625 0.7375 0.0375 0.05625
4 0.725 0.82890625 0.55 0.1828125
4 0.725 0.76171875 0.55 0.1046875
5 0.484375 0.81640625 0.06875 0.2140625
0 0.47265625 0.78359375 0.0453125 0.1484375