6 0.15 0.16484375 0.3 0.3296875
2 0.53984375 0.2515625 0.2640625 0.15625
4 0.65 0.23828125 0.7 0.1828125
4 0.65 0.2078125 0.7 0.24375
5 0.315625 0.27890625 0.03125 0.1015625
5 0.95625 0.13125 0.0875 0.2625
0 0.8875 0.065625 0.175 0.13125
0 0.315625 0.17109375 0.03125 0.1265625
4 0.15 0.734375 0.3 0.33125
4 0.15 0.659375 0.3 0.340625
5 0.01953125 0.696875 0.0390625 0.11875
0 0.0203125 0.5703125 0.040625 0.153125
4 0.65 0.8203125 0.7 0.340625
4 0.6484375 0.75 0.696875 0.33125
5 0.32109375 0.79140625 0.0421875 0.1359375
5 0.9171875 0.6375 0.15 0.2625
0 0.32421875 0.6671875 0.0484375 0.165625
0 0.80859375 0.4421875 0.1796875 0.225