3 0.35859375 0.3109375 0.015625 0.0375
2 0.33828125 0.29921875 0.028125 0.0453125
4 0.2296875 0.3421875 0.459375 0.09375
5 0.37734375 0.325 0.0578125 0.1140625
5 0.02265625 0.29140625 0.0453125 0.1953125
0 0.02109375 0.09765625 0.0421875 0.1953125
0 0.3578125 0.2109375 0.0390625 0.1703125
5 0.4796875 0.340625 0.040625 0.096875
0 0.4828125 0.146875 0.046875 0.29375
1 0.06328125 0.728125 0.1265625 0.059375
5 0.025 0.67421875 0.05 0.2515625
4 0.2296875 0.76328125 0.459375 0.1421875
6 0.2296875 0.62734375 0.459375 0.1828125
4 0.7296875 0.71015625 0.540625 0.1296875
4 0.7296875 0.63515625 0.540625 0.1359375
5 0.5 0.615625 0.08125 0.228125
0 0.53828125 0.46328125 0.0890625 0.1484375