7 0.19375 0.19765625 0.24375 0.19375
4 0.3546875 0.246875 0.709375 0.08125
5 0.02109375 0.18125 0.0421875 0.2375
0 0.01640625 0.078125 0.0328125 0.15625
0 0.57265625 0.04765625 0.0328125 0.0953125
5 0.59375 0.146875 0.05625 0.11875
4 0.3546875 0.1625 0.709375 0.05
2 0.8171875 0.33359375 0.134375 0.134375
5 0.73046875 0.3234375 0.0421875 0.234375
5 0.99609375 0.26875 0.0078125 0.096875
4 0.8546875 0.39765625 0.290625 0.0953125
4 0.8546875 0.33984375 0.290625 0.0421875
0 0.73125 0.103125 0.04375 0.20625
0 0.9828125 0.1578125 0.034375 0.121875
5 0.01875 0.82265625 0.0375 0.2265625
5 0.58203125 0.77421875 0.0359375 0.121875
0 0.559375 0.6671875 0.034375 0.096875
0 0.01953125 0.7015625 0.0390625 0.165625
4 0.3546875 0.8984375 0.709375 0.096875
4 0.3546875 0.8234375 0.709375 0.05
4 0.8546875 0.7640625 0.290625 0.08125
4 0.8546875 0.69296875 0.290625 0.0734375
5 0.73125 0.71484375 0.04375 0.1921875
0 0.73125 0.70703125 0.04375 0.1765625