2 0.33515625 0.33984375 0.1640625 0.1421875
4 0.2546875 0.28046875 0.509375 0.1265625
4 0.2546875 0.3734375 0.509375 0.109375
5 0.09453125 0.403125 0.0765625 0.1203125
0 0.1140625 0.52421875 0.0421875 0.1265625
6 0.7546875 0.3671875 0.490625 0.215625
4 0.7546875 0.21875 0.490625 0.109375
6 0.2546875 0.784375 0.509375 0.215625
4 0.2546875 0.65 0.509375 0.08125
5 0.478125 0.73359375 0.0625 0.2484375
1 0.384375 0.6765625 0.25 0.046875
5 0.5203125 0.7421875 0.021875 0.11875
0 0.52734375 0.859375 0.0359375 0.134375
4 0.7546875 0.6546875 0.490625 0.090625
4 0.7546875 0.7171875 0.490625 0.096875