2 0.1625 0.1515625 0.04375 0.06875
4 0.234375 0.05234375 0.46875 0.1046875
4 0.234375 0.09765625 0.46875 0.1296875
5 0.08828125 0.1703125 0.0546875 0.11875
0 0.10625 0.25078125 0.034375 0.0578125
3 0.6375 0.225 0.021875 0.0515625
5 0.59609375 0.22734375 0.0421875 0.1046875
7 0.90078125 0.1828125 0.1984375 0.19375
4 0.734375 0.0984375 0.53125 0.11875
4 0.734375 0.18359375 0.53125 0.1109375
7 0.20390625 0.73359375 0.053125 0.0875
3 0.15 0.71640625 0.01875 0.0484375
5 0.125 0.7140625 0.0375 0.10625
0 0.1515625 0.82265625 0.028125 0.1265625
2 0.3109375 0.70390625 0.09375 0.0984375
4 0.234375 0.57734375 0.46875 0.1140625
4 0.234375 0.659375 0.46875 0.109375
2 0.80390625 0.49375 0.2109375 0.2359375
4 0.734375 0.47734375 0.53125 0.1390625
4 0.734375 0.55 0.53125 0.1125
5 0.54296875 0.6046875 0.0390625 0.1140625
0 0.565625 0.7171875 0.0390625 0.1171875