4 0.275 0.31640625 0.55 0.2328125
4 0.275 0.37265625 0.55 0.2046875
5 0.05859375 0.4484375 0.1171875 0.2734375
5 0.58046875 0.33671875 0.0609375 0.2203125
0 0.5796875 0.52265625 0.059375 0.1546875
4 0.775 0.18046875 0.45 0.2609375
4 0.775 0.26796875 0.45 0.2296875
2 0.35 0.6125 0.040625 0.025
4 0.275 0.66484375 0.55 0.1296875
4 0.275 0.6609375 0.55 0.121875
5 0.4015625 0.62890625 0.06875 0.0578125
0 0.40390625 0.67265625 0.05625 0.1015625
0 0.03046875 0.8734375 0.0609375 0.253125
5 0.034375 0.684375 0.06875 0.16875
4 0.775 0.8890625 0.45 0.221875
4 0.775 0.9359375 0.45 0.128125