4 0.16484375 0.4265625 0.3296875 0.10625
4 0.16484375 0.38515625 0.3296875 0.1890625
5 0.02265625 0.40546875 0.0453125 0.1484375
0 0.021875 0.16640625 0.04375 0.3234375
5 0.353125 0.20625 0.046875 0.25625
5 0.8390625 0.08828125 0.0703125 0.13125
0 0.8140625 0.0359375 0.05625 0.071875
0 0.35 0.07578125 0.040625 0.1515625
4 0.66484375 0.2296875 0.6703125 0.16875
4 0.66484375 0.15 0.6703125 0.190625
4 0.16484375 0.703125 0.3296875 0.25
4 0.16484375 0.61875 0.3296875 0.2
5 0.02265625 0.67890625 0.0453125 0.2640625
5 0.1140625 0.52890625 0.053125 0.0984375
0 0.0828125 0.51171875 0.053125 0.0640625
0 0.02109375 0.5640625 0.0421875 0.16875
2 0.94140625 0.87421875 0.1046875 0.1296875
4 0.66484375 0.9484375 0.6703125 0.103125
4 0.66484375 0.91328125 0.6703125 0.1734375
5 0.36015625 0.92109375 0.0609375 0.1578125
0 0.3484375 0.6875 0.0375 0.2875