2 0.2390625 0.0234375 0.090625 0.046875
5 0.3578125 0.03046875 0.08125 0.0609375
5 0.02734375 0.06015625 0.0546875 0.1203125
0 0.0359375 0.0609375 0.071875 0.121875
0 0.36328125 0.03359375 0.0734375 0.0671875
4 0.28515625 0.0765625 0.5703125 0.153125
4 0.28984375 0.07421875 0.5796875 0.1484375
5 0.6125 0.22890625 0.065625 0.0796875
0 0.6734375 0.1046875 0.134375 0.209375
2 0.1234375 0.6578125 0.246875 0.271875
4 0.28984375 0.67890625 0.5796875 0.3109375
4 0.28984375 0.60546875 0.5796875 0.2859375
5 0.41015625 0.621875 0.059375 0.1203125
5 0.02578125 0.49609375 0.0515625 0.2484375
0 0.03828125 0.3359375 0.0765625 0.134375
0 0.41953125 0.50546875 0.059375 0.1234375
2 0.6984375 0.73515625 0.2375 0.4890625
4 0.78984375 0.65 0.4203125 0.2875
4 0.78984375 0.5859375 0.4203125 0.278125
5 0.60625 0.47734375 0.053125 0.2703125
5 0.9171875 0.59296875 0.0609375 0.109375
0 0.92578125 0.47578125 0.0625 0.125
0 0.615625 0.33359375 0.071875 0.1296875