6 0.29453125 0.2765625 0.5890625 0.384375
4 0.29453125 0.39140625 0.5890625 0.1546875
4 0.29453125 0.3640625 0.5890625 0.209375
5 0.0296875 0.4109375 0.059375 0.115625
2 0.63359375 0.09375 0.0890625 0.10625
5 0.834375 0.0453125 0.0625 0.090625
5 0.61953125 0.23359375 0.0609375 0.2546875
0 0.609375 0.08359375 0.040625 0.1671875
0 0.790625 0.03515625 0.06875 0.0703125
4 0.79453125 0.21640625 0.4109375 0.3078125
4 0.79453125 0.14453125 0.4109375 0.2890625
2 0.4890625 0.73203125 0.1203125 0.140625
4 0.29453125 0.8625 0.5890625 0.275
4 0.29453125 0.80234375 0.5890625 0.2984375
5 0.575 0.68984375 0.028125 0.1453125
5 0.0296875 0.88125 0.059375 0.2375
0 0.0171875 0.61328125 0.034375 0.2890625
0 0.559375 0.57265625 0.059375 0.1546875
2 0.6828125 0.5578125 0.125 0.146875
4 0.79453125 0.67109375 0.4109375 0.3171875
4 0.79453125 0.61015625 0.4109375 0.2828125
5 0.825 0.50859375 0.08125 0.0796875
5 0.61640625 0.7015625 0.0546875 0.259375
0 0.61015625 0.55390625 0.0421875 0.1703125
0 0.77578125 0.50234375 0.0765625 0.0671875