4 0.26953125 0.134375 0.5390625 0.128125
4 0.26953125 0.190625 0.5390625 0.1
5 0.525 0.225 0.028125 0.115625
0 0.51953125 0.328125 0.0265625 0.121875
5 0.021875 0.21953125 0.04375 0.2640625
0 0.02109375 0.4828125 0.0421875 0.271875
4 0.76953125 0.309375 0.4609375 0.134375
4 0.76953125 0.38125 0.4609375 0.115625
5 0.584375 0.41015625 0.090625 0.2515625
0 0.60625 0.575 0.096875 0.0875
2 0.60390625 0.871875 0.1296875 0.1375
4 0.76953125 0.81640625 0.4609375 0.1390625
4 0.76953125 0.90625 0.4609375 0.121875
5 0.82109375 0.92734375 0.075 0.115625
5 0.56015625 0.9171875 0.0421875 0.165625