1 0.56015625 0.17734375 0.1390625 0.1140625
4 0.31484375 0.134375 0.6296875 0.26875
6 0.31484375 0.0984375 0.6296875 0.196875
2 0.640625 0.02734375 0.021875 0.0515625
4 0.81484375 0.215625 0.3703125 0.309375
4 0.81484375 0.14453125 0.3703125 0.2890625
5 0.64921875 0.040625 0.0390625 0.08125
0 0.65 0.03984375 0.040625 0.0796875
2 0.2546875 0.6953125 0.040625 0.0484375
4 0.31484375 0.86328125 0.6296875 0.2734375
4 0.315625 0.8125 0.628125 0.309375
5 0.20546875 0.7015625 0.0671875 0.115625
0 0.25390625 0.56875 0.0765625 0.1375
5 0.6453125 0.60859375 0.03125 0.1234375
0 0.6453125 0.534375 0.03125 0.06875
4 0.81484375 0.78828125 0.3703125 0.3109375
4 0.81484375 0.71171875 0.3703125 0.2859375