4 0.16484375 0.17578125 0.3296875 0.1421875
4 0.16484375 0.0921875 0.3296875 0.128125
5 0.0234375 0.10390625 0.046875 0.2078125
0 0.021875 0.0828125 0.04375 0.165625
4 0.66484375 0.26640625 0.6703125 0.1421875
4 0.66484375 0.18671875 0.6703125 0.1421875
5 0.3546875 0.1609375 0.05 0.240625
0 0.39140625 0.084375 0.0859375 0.16875
4 0.16484375 0.9171875 0.3296875 0.153125
4 0.16484375 0.85234375 0.3296875 0.1265625
5 0.02421875 0.8234375 0.0484375 0.25
0 0.02265625 0.59140625 0.0453125 0.2234375
4 0.66484375 0.91484375 0.6703125 0.1578125
4 0.66484375 0.85234375 0.6703125 0.1171875
5 0.3515625 0.8171875 0.04375 0.2625
5 0.85859375 0.81171875 0.05625 0.1484375
0 0.35625 0.584375 0.053125 0.209375
0 0.85390625 0.6859375 0.05 0.146875