4 0.13984375 0.40234375 0.2796875 0.1328125
5 0.1734375 0.33046875 0.040625 0.1078125
5 0.021875 0.3765625 0.04375 0.184375
0 0.02109375 0.14765625 0.0421875 0.2953125
0 0.14453125 0.21328125 0.040625 0.1359375
2 0.15390625 0.31484375 0.0203125 0.0375
4 0.63984375 0.4203125 0.7203125 0.096875
5 0.8625 0.38515625 0.0515625 0.1171875
5 0.30078125 0.40703125 0.0421875 0.1234375
0 0.83671875 0.26171875 0.0453125 0.1390625
0 0.30078125 0.18125 0.0421875 0.33125
2 0.0390625 0.73046875 0.078125 0.1265625
4 0.13984375 0.84296875 0.2796875 0.1234375
4 0.13984375 0.77265625 0.2796875 0.1265625
5 0.15 0.70859375 0.0640625 0.1359375
5 0.02734375 0.78046875 0.0546875 0.2453125
0 0.02109375 0.5546875 0.0421875 0.171875
0 0.1328125 0.5890625 0.05 0.15
5 0.303125 0.80703125 0.046875 0.2578125
5 0.84453125 0.71953125 0.053125 0.1234375
5 0.81953125 0.59921875 0.040625 0.1421875
5 0.30078125 0.565625 0.0421875 0.19375
4 0.63984375 0.8546875 0.7203125 0.115625
4 0.63984375 0.7828125 0.7203125 0.11875