4 0.33984375 0.3328125 0.6796875 0.1625
4 0.33984375 0.3984375 0.6796875 0.15625
5 0.0203125 0.46015625 0.040625 0.1046875
2 0.11328125 0.44921875 0.059375 0.0578125
0 0.0328125 0.5546875 0.05625 0.090625
2 0.86328125 0.46328125 0.109375 0.125
5 0.73203125 0.4984375 0.059375 0.10625
0 0.7515625 0.575 0.0375 0.05
4 0.83984375 0.3546875 0.3203125 0.15625
4 0.83984375 0.43828125 0.3203125 0.1328125
4 0.33984375 0.85859375 0.6796875 0.1640625
4 0.33984375 0.93125 0.6796875 0.1375
5 0.190625 0.96796875 0.0625 0.0640625
4 0.83984375 0.89140625 0.3203125 0.1671875
4 0.83984375 0.95390625 0.3203125 0.0921875
5 0.8046875 0.98359375 0.075 0.0328125