3 0.48671875 0.01015625 0.0203125 0.0203125
2 0.46328125 0.01171875 0.0328125 0.0234375
4 0.29453125 0.15859375 0.5890625 0.2328125
4 0.29453125 0.09296875 0.5890625 0.1859375
5 0.5078125 0.03515625 0.06875 0.0703125
5 0.02890625 0.14921875 0.0578125 0.2546875
0 0.02734375 0.071875 0.0546875 0.14375
0 0.4640625 0.04296875 0.05625 0.0859375
4 0.79453125 0.47890625 0.4109375 0.2421875
4 0.79453125 0.409375 0.4109375 0.215625
0 0.6171875 0.2171875 0.05625 0.30625
5 0.6203125 0.47890625 0.0625 0.2609375
5 0.0578125 0.90546875 0.109375 0.1890625
0 0.0625 0.709375 0.125 0.2
4 0.29453125 0.9078125 0.5890625 0.184375
4 0.29453125 0.86328125 0.5890625 0.2140625
5 0.6171875 0.67734375 0.05625 0.1359375
4 0.79453125 0.68203125 0.4109375 0.1453125
4 0.79453125 0.665625 0.4109375 0.1125
0 0.61640625 0.690625 0.0546875 0.1625