6 0.234375 0.55859375 0.46875 0.3421875
4 0.234375 0.40078125 0.46875 0.2328125
4 0.234375 0.46953125 0.46875 0.2046875
5 0.41484375 0.3921875 0.1078125 0.259375
1 0.278125 0.375 0.25 0.0890625
2 0.73671875 0.48671875 0.0890625 0.0671875
4 0.734375 0.3171875 0.53125 0.271875
4 0.734375 0.41328125 0.53125 0.2484375
5 0.5546875 0.48984375 0.06875 0.121875
0 0.5921875 0.60625 0.0515625 0.128125
4 0.234375 0.79296875 0.46875 0.1265625
4 0.234375 0.790625 0.46875 0.121875
5 0.01796875 0.7875 0.0359375 0.115625
0 0.0203125 0.89921875 0.040625 0.1578125
0 0.45 0.86484375 0.0375 0.2703125
2 0.784375 0.809375 0.09375 0.1
5 0.58125 0.8625 0.053125 0.1234375
0 0.61875 0.95546875 0.059375 0.0890625
4 0.734375 0.79296875 0.53125 0.1265625
4 0.734375 0.8140625 0.53125 0.16875