7 0.2234375 0.471875 0.284375 0.215625
4 0.24453125 0.478125 0.4890625 0.203125
0 0.01484375 0.2390625 0.0296875 0.14375
5 0.01953125 0.35625 0.0390625 0.13125
4 0.24453125 0.4296875 0.4890625 0.240625
2 0.76484375 0.46171875 0.1859375 0.16875
4 0.74453125 0.48515625 0.5109375 0.1890625
4 0.74453125 0.4375 0.5109375 0.265625
5 0.5390625 0.34375 0.0953125 0.1328125
0 0.5859375 0.22734375 0.0625 0.1328125
2 0.24921875 0.87578125 0.1203125 0.1421875
4 0.24453125 0.921875 0.4890625 0.15625
4 0.24453125 0.89609375 0.4890625 0.2078125
5 0.10546875 0.80859375 0.0765625 0.1265625
0 0.15 0.69765625 0.071875 0.1328125
2 0.73984375 0.9625 0.0984375 0.075
5 0.53203125 0.91875 0.0578125 0.1265625
0 0.571875 0.79765625 0.0625 0.140625
4 0.74453125 0.9390625 0.5109375 0.121875