4 0.2296875 0.04140625 0.459375 0.0828125
4 0.2296875 0.03828125 0.459375 0.0765625
5 0.01171875 0.0234375 0.0234375 0.046875
0 0.0109375 0.07890625 0.021875 0.1140625
0 0.44140625 0.225 0.0359375 0.25
2 0.88125 0.05546875 0.125 0.1109375
7 0.6546875 0.09296875 0.05625 0.0828125
4 0.7296875 0.0375 0.540625 0.075
4 0.7296875 0.053125 0.540625 0.10625
5 0.61640625 0.05859375 0.05 0.1
0 0.6203125 0.17265625 0.0359375 0.11875
2 0.10078125 0.646875 0.096875 0.1125
4 0.2296875 0.56796875 0.459375 0.1546875
4 0.2296875 0.62421875 0.459375 0.1453125
5 0.01328125 0.6265625 0.0265625 0.1125
0 0.01171875 0.74609375 0.0234375 0.1203125
4 0.7296875 0.4453125 0.540625 0.190625
4 0.7296875 0.51796875 0.540625 0.1578125
5 0.47421875 0.55078125 0.0296875 0.1015625
0 0.478125 0.6546875 0.0375 0.11875