4 0.3 0.4 0.6 0.259375
4 0.3 0.45546875 0.6 0.1484375
5 0.03125 0.39765625 0.0625 0.2640625
4 0.8 0.42265625 0.4 0.2140625
5 0.628125 0.41640625 0.05625 0.2265625
5 0.03828125 0.8109375 0.0765625 0.23125
4 0.3 0.79609375 0.6 0.2828125
4 0.3 0.88203125 0.6 0.2359375
3 0.903125 0.80859375 0.0296875 0.0546875
5 0.94296875 0.81953125 0.053125 0.10625
5 0.6234375 0.65625 0.046875 0.25
0 0.621875 0.88515625 0.04375 0.2296875
0 0.90625 0.9296875 0.065625 0.140625
4 0.8 0.6515625 0.4 0.24375
4 0.8 0.71640625 0.4 0.2515625