5 0.02578125 0.09375 0.0515625 0.1875
0 0.02578125 0.07265625 0.0515625 0.1453125
4 0.19453125 0.20390625 0.3890625 0.1828125
4 0.19453125 0.1265625 0.3890625 0.20625
4 0.69453125 0.31328125 0.6109375 0.2109375
4 0.69453125 0.27265625 0.6109375 0.2234375
5 0.9296875 0.25703125 0.0578125 0.128125
5 0.41328125 0.2 0.0484375 0.25
0 0.41796875 0.07890625 0.0578125 0.1578125
0 0.92890625 0.1390625 0.059375 0.128125
2 0.821875 0.2578125 0.0703125 0.0796875
6 0.19453125 0.57421875 0.3890625 0.3109375
4 0.19453125 0.71015625 0.3890625 0.2234375
1 0.0828125 0.63125 0.165625 0.090625
5 0.02890625 0.5640625 0.0578125 0.26875
5 0.4125 0.61328125 0.046875 0.2484375
5 0.96484375 0.67578125 0.059375 0.11875
4 0.69453125 0.7484375 0.6109375 0.21875
4 0.69453125 0.6796875 0.6109375 0.2125
0 0.41875 0.49609375 0.059375 0.1546875
0 0.9671875 0.55625 0.0609375 0.1359375