6 0.01015625 0.4296875 0.0203125 0.04375
4 0.26953125 0.33984375 0.5390625 0.2078125
4 0.26953125 0.4125 0.5390625 0.18125
0 0.0140625 0.5234375 0.028125 0.125
5 0.01640625 0.4140625 0.0328125 0.115625
2 0.79140625 0.35390625 0.0328125 0.04375
4 0.76953125 0.265625 0.4609375 0.190625
4 0.76953125 0.32578125 0.4609375 0.2015625
5 0.74921875 0.33203125 0.053125 0.1078125
0 0.74921875 0.465625 0.059375 0.128125
6 0.26953125 0.86171875 0.5390625 0.1453125
4 0.26953125 0.83671875 0.5390625 0.0953125
5 0.6265625 0.81796875 0.05625 0.0578125
5 0.6296875 0.821875 0.046875 0.065625
4 0.76953125 0.83359375 0.4609375 0.0890625
4 0.76953125 0.834375 0.4609375 0.090625