2 0.30859375 0.3578125 0.034375 0.0421875
4 0.2546875 0.2640625 0.509375 0.175
4 0.2546875 0.325 0.509375 0.184375
5 0.35078125 0.33671875 0.0515625 0.1078125
5 0.0265625 0.378125 0.053125 0.23125
0 0.02734375 0.6375 0.0546875 0.29375
0 0.3484375 0.47109375 0.0578125 0.1296875
5 0.5328125 0.47890625 0.046875 0.2234375
5 0.9859375 0.45 0.028125 0.11875
0 0.98203125 0.56484375 0.0359375 0.1203125
0 0.5359375 0.68828125 0.053125 0.2234375
4 0.7546875 0.359375 0.490625 0.196875
4 0.7546875 0.43125 0.490625 0.153125
5 0.025 0.903125 0.05 0.19375
4 0.2546875 0.8546875 0.509375 0.109375
4 0.2546875 0.88515625 0.509375 0.1703125
6 0.7546875 0.9 0.490625 0.2
5 0.53828125 0.86015625 0.0578125 0.1203125
1 0.56796875 0.81796875 0.1171875 0.0359375