2 0.32578125 0.45390625 0.2421875 0.1109375
4 0.234375 0.4453125 0.46875 0.128125
4 0.234375 0.41640625 0.46875 0.1859375
5 0.05078125 0.47578125 0.0578125 0.0671875
0 0.03984375 0.38828125 0.0578125 0.1171875
2 0.775 0.23359375 0.14375 0.1453125
7 0.53984375 0.22421875 0.0671875 0.0890625
4 0.734375 0.30390625 0.53125 0.3046875
4 0.734375 0.2453125 0.53125 0.296875
5 0.50703125 0.2640625 0.065625 0.10625
0 0.49375 0.1484375 0.05 0.121875
6 0.234375 0.79375 0.46875 0.409375
4 0.234375 0.8875 0.46875 0.225
2 0.71875 0.7203125 0.125 0.1359375
5 0.5859375 0.72578125 0.0734375 0.109375
0 0.56953125 0.61328125 0.05625 0.1265625
4 0.734375 0.77890625 0.53125 0.3234375
4 0.734375 0.70078125 0.53125 0.3015625