5 0.0125 0.44296875 0.025 0.1296875
0 0.0125 0.5640625 0.025 0.13125
4 0.3296875 0.27421875 0.659375 0.2234375
4 0.3296875 0.35 0.659375 0.175
4 0.8296875 0.19765625 0.340625 0.2265625
4 0.8296875 0.26015625 0.340625 0.1859375
5 0.67578125 0.35625 0.0328125 0.15
0 0.67421875 0.4796875 0.0296875 0.15
2 0.95 0.075 0.1 0.15
4 0.3296875 0.9 0.659375 0.2
4 0.3296875 0.94453125 0.659375 0.1109375
5 0.6140625 0.896875 0.090625 0.20625
4 0.8296875 0.69609375 0.340625 0.1140625
4 0.8296875 0.690625 0.340625 0.103125
5 0.67734375 0.68203125 0.0359375 0.0859375
0 0.671875 0.7765625 0.025 0.15
2 0.66875 0.67109375 0.01875 0.0546875