4 0.234375 0.3109375 0.46875 0.29375
4 0.234375 0.3703125 0.46875 0.253125
5 0.0140625 0.28984375 0.028125 0.2578125
5 0.29453125 0.4765625 0.075 0.15
0 0.01640625 0.55234375 0.0328125 0.2734375
0 0.26015625 0.5953125 0.06875 0.1484375
2 0.040625 0.07578125 0.08125 0.1515625
2 0.93359375 0.40546875 0.04375 0.0515625
4 0.734375 0.23203125 0.53125 0.2765625
4 0.734375 0.309375 0.53125 0.265625
5 0.96484375 0.4109375 0.0703125 0.125
5 0.48671875 0.22421875 0.0359375 0.2640625
0 0.48515625 0.51953125 0.0328125 0.3140625
0 0.93515625 0.525 0.078125 0.1609375
4 0.234375 0.92578125 0.46875 0.1484375
4 0.234375 0.9640625 0.46875 0.071875
5 0.01640625 0.9234375 0.0328125 0.153125