4 0.26484375 0.3953125 0.5296875 0.146875
4 0.26484375 0.36171875 0.5296875 0.2140625
5 0.35234375 0.3859375 0.0890625 0.1390625
5 0.02734375 0.30078125 0.0546875 0.2640625
0 0.03203125 0.0921875 0.0640625 0.184375
0 0.35 0.26484375 0.0546875 0.1203125
2 0.95703125 0.16875 0.0859375 0.1375
4 0.76484375 0.2234375 0.4703125 0.2625
4 0.76484375 0.1609375 0.4703125 0.2375
5 0.55546875 0.09921875 0.0515625 0.1984375
0 0.5640625 0.08046875 0.06875 0.1609375
6 0.26484375 0.603125 0.5296875 0.26875
4 0.26484375 0.72421875 0.5296875 0.2328125
4 0.26484375 0.65546875 0.5296875 0.2046875
5 0.0296875 0.5859375 0.059375 0.234375
1 0.06171875 0.64296875 0.1234375 0.0890625
4 0.76484375 0.62578125 0.4703125 0.2546875
4 0.76484375 0.5640625 0.4703125 0.190625
5 0.55859375 0.53515625 0.0578125 0.1328125
0 0.5609375 0.54296875 0.0625 0.1484375