4 0.175 0.24921875 0.35 0.2953125
4 0.175 0.18203125 0.35 0.2734375
1 0.1171875 0.159375 0.234375 0.11875
5 0.02421875 0.10703125 0.0484375 0.2140625
2 0.70546875 0.01796875 0.0921875 0.0359375
4 0.675 0.1359375 0.65 0.271875
4 0.675 0.08125 0.65 0.1625
5 0.8796875 0.05625 0.075 0.1125
5 0.378125 0.07421875 0.05625 0.1484375
0 0.3828125 0.0609375 0.065625 0.121875
0 0.88828125 0.0328125 0.0578125 0.065625
4 0.175 0.8640625 0.35 0.271875
4 0.175 0.81953125 0.35 0.2796875
5 0.02578125 0.715625 0.0515625 0.25
0 0.03515625 0.5125 0.0703125 0.1875
2 0.33671875 0.809375 0.0265625 0.071875
2 0.86484375 0.48046875 0.0734375 0.090625
4 0.675 0.56484375 0.65 0.2921875
4 0.675 0.5203125 0.65 0.203125
5 0.96171875 0.4875 0.0765625 0.1375
5 0.375 0.4796875 0.05 0.121875
0 0.38828125 0.47734375 0.0765625 0.1171875
0 0.9671875 0.44921875 0.0625 0.0609375