5 0.43984375 0.45859375 0.0578125 0.1421875
4 0.234375 0.4484375 0.46875 0.1625
4 0.234375 0.49609375 0.46875 0.0671875
6 0.47890625 0.3046875 0.0203125 0.04375
4 0.734375 0.16328125 0.53125 0.1765625
4 0.734375 0.2375 0.53125 0.15
0 0.48203125 0.40859375 0.0265625 0.1265625
0 0.96953125 0.42109375 0.0609375 0.2171875
5 0.96953125 0.19765625 0.0609375 0.2671875
5 0.48515625 0.29921875 0.0328125 0.1171875
2 0.01484375 0.89921875 0.0296875 0.0734375
4 0.234375 0.765625 0.46875 0.18125
4 0.234375 0.83125 0.46875 0.1625
5 0.0109375 0.90625 0.021875 0.115625
7 0.73125 0.925 0.30625 0.15
4 0.734375 0.86640625 0.53125 0.1546875
4 0.734375 0.93984375 0.53125 0.1203125