2 0.01171875 0.20546875 0.0234375 0.0703125
4 0.26953125 0.30625 0.5390625 0.1875
4 0.26953125 0.278125 0.5390625 0.24375
5 0.01640625 0.178125 0.0328125 0.11875
5 0.478125 0.3140625 0.121875 0.171875
0 0.49296875 0.11640625 0.0921875 0.2328125
0 0.01171875 0.075 0.0234375 0.1125
2 0.884375 0.28984375 0.146875 0.146875
5 0.7171875 0.1984375 0.0453125 0.096875
4 0.76953125 0.3171875 0.4609375 0.165625
4 0.76953125 0.30234375 0.4609375 0.1953125
0 0.7546875 0.09765625 0.0578125 0.1203125
6 0.26953125 0.7421875 0.5390625 0.515625
1 0.43671875 0.95703125 0.2046875 0.0859375
0 0.759375 0.65546875 0.053125 0.1203125
5 0.73125 0.7703125 0.06875 0.1359375
4 0.76953125 0.890625 0.4609375 0.21875
4 0.76953125 0.84296875 0.4609375 0.2703125