2 0.2609375 0.109375 0.1375 0.140625
7 0.0234375 0.06484375 0.046875 0.0890625
4 0.31484375 0.18828125 0.6296875 0.1734375
4 0.31484375 0.12265625 0.6296875 0.1640625
5 0.01328125 0.1015625 0.0265625 0.109375
0 0.01015625 0.03203125 0.0203125 0.0640625
1 0.8546875 0.390625 0.2578125 0.084375
5 0.9609375 0.32734375 0.078125 0.2578125
4 0.81484375 0.4546875 0.3703125 0.196875
6 0.81484375 0.28984375 0.3703125 0.2734375
0 0.02109375 0.93671875 0.0421875 0.1265625
2 0.85625 0.90390625 0.10625 0.121875
4 0.81484375 0.94921875 0.3703125 0.1015625
4 0.81484375 0.921875 0.3703125 0.15625
5 0.71171875 0.928125 0.0609375 0.1203125
0 0.7140625 0.79921875 0.053125 0.13125