2 0.2671875 0.03046875 0.096875 0.0609375
4 0.209375 0.03828125 0.41875 0.0765625
4 0.209375 0.0390625 0.41875 0.078125
5 0.15234375 0.0328125 0.0640625 0.065625
0 0.15234375 0.03515625 0.0515625 0.0703125
2 0.78046875 0.03125 0.1078125 0.0625
4 0.709375 0.04140625 0.58125 0.0828125
4 0.709375 0.0359375 0.58125 0.071875
5 0.62109375 0.03203125 0.0640625 0.0640625
0 0.6296875 0.034375 0.046875 0.06875
4 0.209375 0.59375 0.41875 0.171875
4 0.209375 0.51640625 0.41875 0.1578125
5 0.0203125 0.49296875 0.040625 0.0984375
0 0.0296875 0.38828125 0.046875 0.1171875
4 0.709375 0.81015625 0.58125 0.2109375
4 0.709375 0.7265625 0.58125 0.1625
5 0.5015625 0.6921875 0.0484375 0.1046875
0 0.51015625 0.58359375 0.046875 0.121875