4 0.28984375 0.35625 0.5796875 0.2875
4 0.28984375 0.26875 0.5796875 0.234375
5 0.553125 0.34609375 0.053125 0.2703125
5 0.0140625 0.1609375 0.028125 0.1125
0 0.0140625 0.05859375 0.028125 0.1171875
0 0.5609375 0.109375 0.0375 0.21875
6 0.78984375 0.39453125 0.4203125 0.3296875
4 0.78984375 0.49609375 0.4203125 0.1265625
4 0.28984375 0.95078125 0.5796875 0.0984375
4 0.28984375 0.928125 0.5796875 0.14375
5 0.02265625 0.8625 0.0453125 0.128125
0 0.053125 0.75703125 0.040625 0.13125
6 0.78984375 0.7046875 0.4203125 0.290625
4 0.78984375 0.8296875 0.4203125 0.23125