4 0.34453125 0.1234375 0.6890625 0.246875
4 0.34453125 0.19140625 0.6890625 0.2359375
5 0.17890625 0.278125 0.084375 0.1328125
0 0.22109375 0.3578125 0.0515625 0.0625
4 0.84453125 0.08125 0.3109375 0.1625
4 0.84453125 0.115625 0.3109375 0.23125
5 0.71171875 0.1875 0.0453125 0.1125
0 0.74296875 0.2984375 0.05625 0.1296875
6 0.34453125 0.70625 0.6890625 0.35
4 0.34453125 0.56953125 0.6890625 0.2546875
1 0.66328125 0.5515625 0.0515625 0.096875
2 0.89375 0.84921875 0.0390625 0.0515625
4 0.84453125 0.6953125 0.3109375 0.275
4 0.84453125 0.7578125 0.3109375 0.259375
5 0.84375 0.86015625 0.0671875 0.1140625
0 0.8796875 0.95859375 0.05625 0.0828125