0 0.06484375 0.2171875 0.0796875 0.2984375
5 0.0421875 0.06171875 0.084375 0.1234375
4 0.209375 0.0265625 0.41875 0.053125
4 0.209375 0.02578125 0.41875 0.0515625
5 0.46484375 0.140625 0.0921875 0.221875
0 0.4875 0.33125 0.0875 0.1375
4 0.709375 0.06796875 0.58125 0.1171875
4 0.709375 0.128125 0.58125 0.103125
4 0.209375 0.56953125 0.41875 0.1203125
4 0.209375 0.64453125 0.41875 0.1078125
5 0.02421875 0.65 0.0484375 0.25625
0 0.01953125 0.89609375 0.0390625 0.2078125
6 0.709375 0.85625 0.58125 0.2875
5 0.48125 0.821875 0.1 0.23125
1 0.61328125 0.76171875 0.2296875 0.0546875