4 0.28984375 0.37890625 0.5796875 0.3015625
4 0.28984375 0.31953125 0.5796875 0.2765625
5 0.03125 0.40546875 0.0625 0.2421875
0 0.0234375 0.1484375 0.046875 0.296875
0 0.5671875 0.115625 0.025 0.134375
2 0.56328125 0.2234375 0.0328125 0.06875
3 0.825 0.12578125 0.021875 0.040625
2 0.8015625 0.1203125 0.0359375 0.05
4 0.78984375 0.30078125 0.4203125 0.2859375
4 0.78984375 0.22578125 0.4203125 0.2546875
5 0.84765625 0.13515625 0.0765625 0.1234375
5 0.6109375 0.31484375 0.0625 0.2640625
0 0.603125 0.09453125 0.046875 0.1890625
0 0.79765625 0.0578125 0.0671875 0.115625
4 0.28984375 0.8875 0.5796875 0.225
4 0.28984375 0.85234375 0.5796875 0.2890625
5 0.03125 0.90859375 0.0625 0.1828125
0 0.025 0.6953125 0.05 0.253125
0 0.571875 0.63125 0.015625 0.125
4 0.78984375 0.928125 0.4203125 0.14375
4 0.78984375 0.88984375 0.4203125 0.2203125
5 0.6109375 0.9421875 0.0625 0.115625
0 0.60703125 0.7375 0.0546875 0.334375