2 0.42734375 0.30390625 0.0953125 0.1
5 0.23125 0.36640625 0.0578125 0.1203125
0 0.2734375 0.47890625 0.0640625 0.134375
4 0.34453125 0.1859375 0.6890625 0.303125
4 0.346875 0.2625 0.684375 0.303125
6 0.84453125 0.340625 0.3109375 0.55625
4 0.34453125 0.9265625 0.6890625 0.146875
1 0.57734375 0.95234375 0.2234375 0.0953125
2 0.89140625 0.8203125 0.0375 0.046875
4 0.84453125 0.7078125 0.3109375 0.178125
4 0.84453125 0.740625 0.3109375 0.24375
5 0.84375 0.8140625 0.0640625 0.1125
0 0.88984375 0.9375 0.0734375 0.125