4 0.26953125 0.37890625 0.5390625 0.3546875
4 0.26953125 0.3 0.5390625 0.3375
5 0.36328125 0.32734375 0.0875 0.134375
5 0.02578125 0.18046875 0.0515625 0.2453125
0 0.378125 0.20859375 0.0765625 0.1453125
0 0.040625 0.0734375 0.08125 0.146875
5 0.56171875 0.38984375 0.0453125 0.2515625
4 0.76953125 0.51796875 0.4609375 0.2234375
4 0.76953125 0.48515625 0.4609375 0.2890625
0 0.57734375 0.14453125 0.0765625 0.2890625
1 0.065625 0.73203125 0.13125 0.1234375
5 0.02890625 0.70625 0.0578125 0.153125
4 0.26953125 0.8375 0.5390625 0.325
6 0.26953125 0.765625 0.5390625 0.271875
4 0.76953125 0.803125 0.4609375 0.346875
4 0.76953125 0.7703125 0.4609375 0.28125
5 0.56328125 0.69375 0.0484375 0.128125
0 0.578125 0.70234375 0.078125 0.1453125
2 0.9671875 0.74296875 0.065625 0.0890625