2 0.38046875 0.215625 0.059375 0.0796875
4 0.284375 0.32890625 0.56875 0.1015625
4 0.284375 0.25390625 0.56875 0.0703125
5 0.47578125 0.2 0.0515625 0.134375
5 0.02109375 0.234375 0.0421875 0.2375
0 0.025 0.08125 0.05 0.1625
0 0.45390625 0.07265625 0.0375 0.11875
6 0.784375 0.05234375 0.43125 0.1046875
4 0.784375 0.18046875 0.43125 0.0609375
4 0.784375 0.109375 0.43125 0.03125
5 0.5921875 0.1171875 0.046875 0.234375
1 0.63125 0.15234375 0.125 0.0484375
6 0.284375 0.73984375 0.56875 0.1921875
4 0.284375 0.8890625 0.56875 0.0875
1 0.1125 0.853125 0.225 0.059375
5 0.02578125 0.803125 0.0515625 0.26875
4 0.784375 0.684375 0.43125 0.10625
4 0.784375 0.596875 0.43125 0.084375
5 0.9390625 0.56796875 0.05625 0.1234375
5 0.58828125 0.596875 0.0390625 0.215625
0 0.58515625 0.4828125 0.0328125 0.165625
0 0.925 0.4609375 0.03125 0.121875
2 0.9125 0.55234375 0.03125 0.05