3 0.0078125 0.4375 0.015625 0.05625
5 0.01484375 0.43046875 0.0296875 0.1109375
4 0.1796875 0.36328125 0.359375 0.2734375
4 0.1796875 0.3984375 0.359375 0.203125
6 0.6796875 0.3265625 0.640625 0.346875
5 0.9515625 0.4140625 0.096875 0.171875
1 0.853125 0.36796875 0.2578125 0.1125
0 0.0171875 0.89765625 0.034375 0.1453125
5 0.0234375 0.7671875 0.046875 0.1375
5 0.2921875 0.88984375 0.134375 0.2203125
4 0.1796875 0.74140625 0.359375 0.3203125
4 0.1796875 0.809375 0.359375 0.315625
2 0.371875 0.815625 0.025 0.0625
4 0.6796875 0.7515625 0.640625 0.35625
4 0.6796875 0.84296875 0.640625 0.3140625
5 0.37734375 0.8015625 0.0359375 0.125
0 0.37734375 0.92890625 0.0359375 0.1421875