4 0.225 0.40859375 0.45 0.1703125
4 0.225 0.48125 0.45 0.14375
5 0.0984375 0.5265625 0.0390625 0.10625
0 0.11484375 0.603125 0.0390625 0.053125
2 0.115625 0.54375 0.0203125 0.0375
4 0.725 0.2453125 0.55 0.15625
4 0.725 0.33125 0.55 0.134375
5 0.46484375 0.3453125 0.0296875 0.125
0 0.459375 0.46171875 0.01875 0.1421875
2 0.465625 0.36171875 0.03125 0.0515625
4 0.225 0.6625 0.45 0.065625
4 0.225 0.65546875 0.45 0.0515625
5 0.1140625 0.66640625 0.053125 0.0734375
0 0.13359375 0.7515625 0.028125 0.1265625
1 0.93984375 0.6546875 0.1203125 0.05
4 0.725 0.6609375 0.55 0.0625
6 0.725 0.75703125 0.55 0.2234375