2 0.284375 0.20859375 0.0953125 0.1109375
4 0.275 0.29296875 0.55 0.1203125
4 0.275 0.2375 0.55 0.1125
5 0.146875 0.22421875 0.0515625 0.1109375
0 0.15625 0.103125 0.04375 0.121875
2 0.55703125 0.08359375 0.0140625 0.0546875
4 0.775 0.19140625 0.45 0.1421875
4 0.775 0.1109375 0.45 0.134375
5 0.5640625 0.0984375 0.028125 0.128125
0 0.5578125 0.02734375 0.015625 0.0546875
2 0.25078125 0.54140625 0.1234375 0.0640625
7 0.025 0.5296875 0.05 0.040625
4 0.275 0.58359375 0.55 0.1171875
4 0.275 0.54296875 0.55 0.0671875
5 0.01171875 0.534375 0.0234375 0.05
0 0.0078125 0.5390625 0.015625 0.059375
2 0.94140625 0.87265625 0.1171875 0.1328125
5 0.76640625 0.82109375 0.034375 0.09375
4 0.775 0.92890625 0.45 0.1421875
4 0.775 0.87421875 0.45 0.0921875
0 0.78125 0.71484375 0.0453125 0.1171875