4 0.1796875 0.0453125 0.359375 0.090625
4 0.1796875 0.040625 0.359375 0.08125
5 0.1671875 0.05234375 0.05625 0.1046875
0 0.1671875 0.1515625 0.05 0.134375
4 0.6796875 0.29921875 0.640625 0.1390625
4 0.6796875 0.33359375 0.640625 0.0703125
3 0.121875 0.63671875 0.0234375 0.0484375
5 0.0828125 0.6359375 0.040625 0.0984375
0 0.08984375 0.7453125 0.05 0.1296875
4 0.1796875 0.54609375 0.359375 0.1609375
4 0.1796875 0.61015625 0.359375 0.1609375
2 0.546875 0.92265625 0.0796875 0.059375
4 0.6796875 0.7859375 0.640625 0.18125
4 0.6796875 0.87734375 0.640625 0.1578125
5 0.38359375 0.8796875 0.0484375 0.1125
0 0.38515625 0.96796875 0.0390625 0.0640625