3 0.09375 0.1203125 0.0296875 0.053125
5 0.05234375 0.11484375 0.05625 0.10625
0 0.0453125 0.2140625 0.06875 0.109375
4 0.3 0.09609375 0.6 0.1921875
4 0.3 0.1296875 0.6 0.259375
6 0.8 0.1671875 0.4 0.203125
4 0.8 0.12734375 0.4 0.2546875
7 0.0421875 0.6296875 0.06875 0.096875
3 0.00625 0.59765625 0.0125 0.0515625
5 0.01328125 0.5890625 0.0265625 0.1125
0 0.57265625 0.9015625 0.0546875 0.196875
0 0.01171875 0.703125 0.0234375 0.13125
2 0.15703125 0.62890625 0.109375 0.1140625
4 0.3 0.51875 0.6 0.271875
4 0.3 0.60234375 0.6 0.2671875
2 0.62265625 0.65234375 0.0453125 0.0703125
4 0.8 0.51875 0.4 0.30625
4 0.8 0.61328125 0.4 0.2828125
5 0.61796875 0.5875 0.0359375 0.125
0 0.96953125 0.9 0.0609375 0.2
0 0.6140625 0.71015625 0.028125 0.1296875