4 0.2 0.04453125 0.4 0.0890625
4 0.2 0.03828125 0.4 0.0765625
5 0.01953125 0.05546875 0.0390625 0.1109375
0 0.021875 0.0828125 0.04375 0.165625
0 0.425 0.1796875 0.05 0.31875
5 0.0203125 0.64921875 0.040625 0.2546875
0 0.0234375 0.44921875 0.046875 0.1609375
2 0.30625 0.56640625 0.1015625 0.10625
4 0.2 0.703125 0.4 0.1375
4 0.2 0.61640625 0.4 0.1328125
7 0.82890625 0.68828125 0.0578125 0.09375
3 0.88671875 0.70546875 0.0203125 0.0515625
5 0.91328125 0.7078125 0.040625 0.1125
5 0.4203125 0.80546875 0.040625 0.2546875
0 0.4234375 0.525 0.046875 0.3125
0 0.8828125 0.59375 0.0328125 0.134375
2 0.715625 0.72265625 0.1015625 0.10625
4 0.7 0.859375 0.6 0.1375
4 0.7 0.77265625 0.6 0.1328125