2 0.4921875 0.02890625 0.0625 0.0578125
4 0.2796875 0.05 0.559375 0.1
4 0.2796875 0.04296875 0.559375 0.0859375
5 0.02578125 0.090625 0.0515625 0.18125
0 0.03203125 0.284375 0.0640625 0.23125
5 0.6015625 0.2796875 0.084375 0.240625
4 0.7796875 0.18046875 0.440625 0.1734375
4 0.7796875 0.240625 0.440625 0.175
2 0.51875 0.53671875 0.0796875 0.084375
5 0.028125 0.55703125 0.05625 0.2359375
0 0.02734375 0.83828125 0.0546875 0.3140625
4 0.2796875 0.47421875 0.559375 0.1484375
4 0.2796875 0.515625 0.559375 0.175
4 0.7796875 0.83125 0.440625 0.20625
4 0.7796875 0.88828125 0.440625 0.1890625
5 0.8140625 0.91171875 0.0546875 0.1265625
5 0.58671875 0.909375 0.0546875 0.18125
0 0.80859375 0.9828125 0.0546875 0.034375
2 0.70703125 0.90625 0.06875 0.0765625