6 0.18984375 0.2671875 0.3796875 0.390625
4 0.18984375 0.37890625 0.3796875 0.2421875
5 0.053125 0.3984375 0.10625 0.203125
1 0.1515625 0.44140625 0.2375 0.0875
4 0.68984375 0.4359375 0.6203125 0.128125
4 0.68984375 0.41171875 0.6203125 0.1765625
5 0.81796875 0.36875 0.065625 0.125
0 0.40703125 0.29765625 0.0546875 0.3109375
0 0.7765625 0.26171875 0.065625 0.125
2 0.72265625 0.40703125 0.0734375 0.0796875
4 0.1984375 0.8609375 0.3625 0.278125
4 0.18984375 0.8 0.3796875 0.3
5 0.071875 0.89609375 0.115625 0.2078125
0 0.0546875 0.6515625 0.109375 0.303125
5 0.88515625 0.54453125 0.0890625 0.0890625
5 0.4125 0.70859375 0.065625 0.2171875
0 0.40703125 0.578125 0.0546875 0.15625
0 0.83984375 0.53125 0.0640625 0.0625
4 0.68984375 0.6984375 0.6203125 0.325
4 0.68984375 0.6296875 0.6203125 0.259375