2 0.2140625 0.246875 0.090625 0.09375
5 0.10078125 0.20390625 0.0796875 0.1234375
0 0.146875 0.09375 0.071875 0.1359375
4 0.31484375 0.3859375 0.6296875 0.29375
4 0.31484375 0.321875 0.6296875 0.28125
2 0.87734375 0.44765625 0.1203125 0.1421875
4 0.81484375 0.4734375 0.3703125 0.13125
4 0.81484375 0.44765625 0.3703125 0.1828125
5 0.73671875 0.37890625 0.0765625 0.125
0 0.78203125 0.271875 0.0734375 0.13125
6 0.01171875 0.946875 0.0234375 0.05
4 0.31484375 0.953125 0.6296875 0.09375
0 0.0171875 0.8375 0.034375 0.134375
0 0.61796875 0.84921875 0.0234375 0.3015625
5 0.0203125 0.94140625 0.040625 0.1171875
6 0.81484375 0.69375 0.3703125 0.309375
4 0.81484375 0.8 0.3703125 0.28125