6 0.225 0.4140625 0.45 0.33125
1 0.1234375 0.4859375 0.246875 0.121875
5 0.0390625 0.50703125 0.078125 0.1453125
5 0.484375 0.209375 0.06875 0.253125
5 0.98515625 0.06171875 0.0296875 0.1203125
4 0.725 0.09921875 0.55 0.1984375
4 0.725 0.13125 0.55 0.2625
0 0.4890625 0.44609375 0.078125 0.2671875
2 0.3078125 0.771875 0.0734375 0.0890625
4 0.225 0.7359375 0.45 0.3125
4 0.225 0.78515625 0.45 0.3234375
5 0.4 0.7625 0.08125 0.1375
5 0.034375 0.8984375 0.06875 0.203125
0 0.4125 0.88515625 0.0640625 0.11875
2 0.9703125 0.809375 0.059375 0.140625
4 0.725 0.77265625 0.55 0.3453125
4 0.725 0.83203125 0.55 0.3203125
5 0.4828125 0.9140625 0.065625 0.171875