2 0.17890625 0.47734375 0.146875 0.146875
5 0.0265625 0.50078125 0.053125 0.2171875
5 0.3671875 0.3953125 0.040625 0.1015625
4 0.26953125 0.53515625 0.5390625 0.1484375
4 0.26953125 0.49453125 0.5390625 0.1296875
0 0.02734375 0.22890625 0.0546875 0.3421875
0 0.3359375 0.284375 0.053125 0.1265625
2 0.88359375 0.1453125 0.08125 0.0828125
4 0.76953125 0.278125 0.4609375 0.175
4 0.76953125 0.20234375 0.4609375 0.1546875
5 0.97890625 0.12890625 0.0421875 0.1078125
5 0.56953125 0.23203125 0.0609375 0.2703125
0 0.5671875 0.07734375 0.05625 0.1546875
0 0.95234375 0.05 0.0484375 0.1
5 0.52265625 0.965625 0.0328125 0.06875
0 0.51328125 0.87265625 0.0515625 0.1578125
0 0.0296875 0.8171875 0.059375 0.365625
4 0.76953125 0.7984375 0.4609375 0.190625
4 0.76953125 0.7375 0.4609375 0.15
5 0.5625 0.76484375 0.046875 0.2578125
0 0.57109375 0.69375 0.0640625 0.16875
2 0.61015625 0.95546875 0.1421875 0.0890625