2 0.04375 0.13515625 0.0390625 0.0515625
4 0.2296875 0.22578125 0.459375 0.2296875
4 0.2296875 0.15859375 0.459375 0.2140625
5 0.01640625 0.13984375 0.0328125 0.1171875
0 0.01328125 0.0359375 0.0265625 0.071875
2 0.60390625 0.41328125 0.0484375 0.071875
4 0.7296875 0.49140625 0.540625 0.2078125
4 0.7296875 0.42890625 0.540625 0.2015625
5 0.52578125 0.4078125 0.0640625 0.1234375
0 0.52578125 0.29453125 0.04375 0.1171875
3 0.1734375 0.66171875 0.025 0.0234375
4 0.2296875 0.703125 0.459375 0.10625
4 0.2296875 0.69921875 0.459375 0.0984375
5 0.1390625 0.6765625 0.05625 0.053125
0 0.14609375 0.6796875 0.0453125 0.059375
0 0.640625 0.95703125 0.053125 0.0859375