2 0.5171875 0.328125 0.04375 0.059375
4 0.35 0.18984375 0.7 0.1671875
4 0.35 0.27578125 0.7 0.1421875
5 0.5796875 0.328125 0.0671875 0.1234375
0 0.56171875 0.43359375 0.0640625 0.13125
0 0.02578125 0.44765625 0.0515625 0.1421875
5 0.028125 0.24609375 0.05625 0.2765625
2 0.81015625 0.19609375 0.059375 0.0734375
4 0.85 0.07109375 0.3 0.1421875
4 0.85 0.13515625 0.3 0.1296875
5 0.88359375 0.2015625 0.0421875 0.1171875
5 0.72265625 0.1234375 0.0453125 0.2375
0 0.72109375 0.3765625 0.0421875 0.284375
0 0.85859375 0.31875 0.0546875 0.134375
4 0.35 0.66171875 0.7 0.1515625
4 0.35 0.746875 0.7 0.11875
5 0.61171875 0.80234375 0.075 0.1328125
5 0.0203125 0.7203125 0.040625 0.259375
0 0.02265625 0.92421875 0.0453125 0.1515625
0 0.58203125 0.91953125 0.040625 0.11875
4 0.85 0.68828125 0.3 0.1421875
4 0.85 0.7515625 0.3 0.115625
5 0.721875 0.7375 0.04375 0.24375
0 0.725 0.93046875 0.05 0.1390625