2 0.17109375 0.22734375 0.153125 0.15625
7 0.39375 0.35234375 0.071875 0.0953125
4 0.259375 0.15 0.51875 0.29375
4 0.259375 0.2140625 0.51875 0.284375
5 0.0296875 0.12265625 0.059375 0.2453125
0 0.0203125 0.40703125 0.040625 0.3046875
5 0.44453125 0.3296875 0.06875 0.1140625
0 0.40234375 0.44921875 0.05625 0.13125
2 0.95546875 0.0859375 0.0890625 0.10625
5 0.54921875 0.06328125 0.0609375 0.1265625
0 0.5390625 0.23203125 0.040625 0.3328125
4 0.759375 0.0765625 0.48125 0.153125
4 0.759375 0.09921875 0.48125 0.1984375
5 0.02578125 0.61953125 0.0515625 0.1203125
5 0.4359375 0.7703125 0.0640625 0.1296875
0 0.3859375 0.88515625 0.0625 0.13125
0 0.01953125 0.82734375 0.0390625 0.3453125
4 0.259375 0.65 0.51875 0.18125
4 0.259375 0.67578125 0.51875 0.2328125
5 0.78046875 0.684375 0.096875 0.1453125
5 0.5484375 0.61796875 0.059375 0.1171875
0 0.53828125 0.7703125 0.0390625 0.340625
0 0.7328125 0.8015625 0.0703125 0.1375
4 0.759375 0.64296875 0.48125 0.1671875
4 0.759375 0.64765625 0.48125 0.1765625