4 0.31484375 0.07265625 0.6296875 0.1453125
4 0.31484375 0.12109375 0.6296875 0.1703125
5 0.4625 0.18515625 0.0625 0.1015625
5 0.021875 0.09765625 0.04375 0.1953125
2 0.36328125 0.17265625 0.0578125 0.05625
0 0.02890625 0.3390625 0.0578125 0.309375
0 0.4375 0.290625 0.0546875 0.11875
4 0.81484375 0.375 0.3703125 0.15
4 0.81484375 0.43828125 0.3703125 0.1546875
5 0.6578125 0.41484375 0.05625 0.2265625
2 0.53359375 0.81640625 0.09375 0.1171875
4 0.31484375 0.709375 0.6296875 0.15
4 0.31484375 0.77265625 0.6296875 0.1546875
5 0.6203125 0.83984375 0.01875 0.1265625
5 0.028125 0.74921875 0.05625 0.2265625
0 0.02109375 0.9390625 0.0421875 0.121875
0 0.6140625 0.940625 0.03125 0.11875
5 0.65546875 0.8984375 0.0515625 0.203125
4 0.81484375 0.85078125 0.3703125 0.1890625
4 0.81484375 0.92890625 0.3703125 0.1421875