6 0.3546875 0.2203125 0.709375 0.31875
1 0.53203125 0.09765625 0.240625 0.09375
5 0.65546875 0.1296875 0.1078125 0.259375
2 0.9390625 0.0296875 0.0875 0.059375
4 0.8546875 0.065625 0.290625 0.13125
4 0.8546875 0.053125 0.290625 0.10625
5 0.83203125 0.05 0.0515625 0.1
0 0.87109375 0.1515625 0.0484375 0.1109375
4 0.3546875 0.76953125 0.709375 0.2546875
4 0.3546875 0.8234375 0.709375 0.2375
5 0.2109375 0.9171875 0.059375 0.125
0 0.2453125 0.9828125 0.059375 0.034375
2 0.3109375 0.8859375 0.0703125 0.078125
5 0.9 0.68984375 0.0515625 0.1203125
0 0.93828125 0.79921875 0.05 0.121875
4 0.8546875 0.52734375 0.290625 0.2484375
4 0.8546875 0.59765625 0.290625 0.2046875