4 0.259375 0.26953125 0.51875 0.1796875
4 0.259375 0.19375 0.51875 0.1625
5 0.0765625 0.1765625 0.0625 0.1203125
0 0.08125 0.065625 0.05 0.13125
2 0.5265625 0.31484375 0.015625 0.0421875
4 0.759375 0.409375 0.48125 0.15625
4 0.759375 0.34921875 0.48125 0.1671875
5 0.53125 0.334375 0.025 0.10625
0 0.5328125 0.20234375 0.028125 0.1265625
2 0.30546875 0.65 0.0796875 0.059375
4 0.259375 0.78671875 0.51875 0.1828125
4 0.259375 0.69375 0.51875 0.159375
5 0.13828125 0.6921875 0.05625 0.1125
0 0.14375 0.5765625 0.0390625 0.1203125
2 0.553125 0.921875 0.06875 0.15625
4 0.759375 0.95390625 0.48125 0.0921875
4 0.759375 0.9203125 0.48125 0.15625
5 0.96484375 0.88671875 0.0703125 0.2265625
5 0.53515625 0.91171875 0.0328125 0.1546875