2 0.11171875 0.3640625 0.0390625 0.0515625
4 0.2046875 0.23203125 0.409375 0.1296875
4 0.2046875 0.33046875 0.409375 0.0984375
5 0.05859375 0.3640625 0.046875 0.1125
0 0.0796875 0.48671875 0.040625 0.1375
4 0.7046875 0.371875 0.590625 0.090625
4 0.7046875 0.44609375 0.590625 0.0984375
5 0.42265625 0.5 0.0265625 0.10625
0 0.42109375 0.6203125 0.0234375 0.140625
5 0.01640625 0.76171875 0.0328125 0.0640625
0 0.01015625 0.7609375 0.0203125 0.0625
4 0.2046875 0.7609375 0.409375 0.0625
4 0.2046875 0.75234375 0.409375 0.0453125
4 0.7046875 0.765625 0.590625 0.071875
4 0.7046875 0.753125 0.590625 0.046875
5 0.55234375 0.75546875 0.0421875 0.0515625
0 0.57265625 0.79453125 0.0390625 0.121875