5 0.03125 0.28984375 0.0625 0.2421875
4 0.225 0.296875 0.45 0.284375
4 0.225 0.34375 0.45 0.190625
2 0.9046875 0.14296875 0.084375 0.0859375
4 0.725 0.071875 0.55 0.14375
4 0.725 0.10234375 0.55 0.2046875
5 0.98359375 0.16875 0.0328125 0.103125
5 0.4859375 0.06484375 0.071875 0.1296875
0 0.478125 0.25390625 0.05625 0.2953125
0 0.95546875 0.26640625 0.0640625 0.1484375
4 0.225 0.62265625 0.45 0.2890625
4 0.225 0.68203125 0.45 0.2828125
5 0.0578125 0.5953125 0.115625 0.25
0 0.03828125 0.8578125 0.0765625 0.284375
4 0.725 0.62421875 0.55 0.3171875
4 0.725 0.690625 0.55 0.29375
5 0.78515625 0.80625 0.053125 0.103125
5 0.47890625 0.625 0.0578125 0.2375
0 0.478125 0.86328125 0.05625 0.2734375
0 0.74140625 0.91015625 0.05625 0.128125
2 0.765625 0.81796875 0.0234375 0.0375