4 0.2796875 0.303125 0.559375 0.13125
5 0.58203125 0.0953125 0.0453125 0.190625
0 0.61640625 0.2671875 0.1140625 0.203125
4 0.7796875 0.0390625 0.440625 0.078125
4 0.7796875 0.05078125 0.440625 0.1015625
4 0.2796875 0.515625 0.559375 0.165625
4 0.2796875 0.5734375 0.559375 0.1375
5 0.40703125 0.6015625 0.05625 0.1203125
0 0.39375 0.71015625 0.03125 0.1265625
5 0.02265625 0.62265625 0.0453125 0.2765625
0 0.02421875 0.875 0.0484375 0.25
4 0.7796875 0.68828125 0.440625 0.2140625
4 0.7796875 0.77265625 0.440625 0.1640625
5 0.58125 0.809375 0.04375 0.259375
5 0.8515625 0.81015625 0.0484375 0.10625
0 0.84375 0.92109375 0.0484375 0.125