6 0.26953125 0.184375 0.5390625 0.36875
5 0.496875 0.2828125 0.084375 0.171875
2 0.5484375 0.0125 0.01875 0.025
4 0.76953125 0.04921875 0.4609375 0.0984375
4 0.76953125 0.0453125 0.4609375 0.090625
5 0.5546875 0.0296875 0.03125 0.059375
0 0.5515625 0.02578125 0.025 0.0515625
2 0.015625 0.75078125 0.03125 0.0765625
4 0.26953125 0.8484375 0.5390625 0.184375
4 0.26953125 0.7796875 0.5390625 0.165625
5 0.01171875 0.75703125 0.0234375 0.1203125
5 0.48828125 0.73046875 0.1015625 0.2453125
0 0.4234375 0.496875 0.096875 0.25625
0 0.01484375 0.634375 0.0296875 0.1375
7 0.5671875 0.55859375 0.05625 0.0921875
4 0.76953125 0.69609375 0.4609375 0.1703125
4 0.76953125 0.61640625 0.4609375 0.1765625
5 0.55390625 0.6046875 0.0296875 0.11875
5 0.9375 0.58125 0.0984375 0.246875
0 0.884375 0.440625 0.10625 0.14375
0 0.54921875 0.478125 0.0203125 0.13125