4 0.2296875 0.35234375 0.459375 0.0859375
4 0.2296875 0.28046875 0.459375 0.0609375
0 0.03828125 0.08515625 0.0765625 0.1703125
5 0.028125 0.284375 0.05625 0.253125
2 0.6265625 0.040625 0.125 0.08125
4 0.7296875 0.071875 0.540625 0.075
4 0.7296875 0.01875 0.540625 0.0375
5 0.48125 0.06171875 0.04375 0.1234375
5 0.8046875 0.0375 0.053125 0.075
2 0.34296875 0.48125 0.0859375 0.103125
4 0.2296875 0.5703125 0.459375 0.065625
4 0.2296875 0.50625 0.459375 0.06875
5 0.44375 0.4765625 0.03125 0.09375
5 0.02421875 0.51640625 0.0484375 0.1734375
0 0.015625 0.4953125 0.03125 0.13125
0 0.4421875 0.46328125 0.034375 0.0671875
7 0.96875 0.709375 0.0625 0.078125
4 0.7296875 0.853125 0.540625 0.078125
4 0.7296875 0.778125 0.540625 0.084375
5 0.47734375 0.78125 0.0359375 0.225
0 0.478125 0.54453125 0.0375 0.2296875