5 0.02734375 0.059375 0.0546875 0.11875
4 0.28984375 0.0578125 0.5796875 0.115625
4 0.28984375 0.05703125 0.5796875 0.1140625
0 0.0296875 0.07578125 0.059375 0.1515625
4 0.78984375 0.0625 0.4203125 0.125
4 0.78984375 0.0578125 0.4203125 0.115625
5 0.8375 0.0296875 0.06875 0.059375
5 0.6046875 0.0515625 0.05 0.103125
0 0.60625 0.07734375 0.053125 0.1546875
0 0.8078125 0.03359375 0.05 0.0671875
2 0.81171875 0.0125 0.0359375 0.025
4 0.28984375 0.6421875 0.5796875 0.2625
4 0.28984375 0.5625 0.5796875 0.2375
0 0.0359375 0.3921875 0.071875 0.246875
5 0.0453125 0.63515625 0.090625 0.2671875
4 0.79375 0.8109375 0.4125 0.221875
4 0.78984375 0.74140625 0.4203125 0.2328125
5 0.65390625 0.7984375 0.1140625 0.234375
0 0.64296875 0.5390625 0.1265625 0.31875