7 0.34609375 0.09375 0.121875 0.10625
4 0.284375 0.27421875 0.56875 0.3234375
4 0.284375 0.19609375 0.56875 0.3296875
5 0.48125 0.096875 0.0765625 0.1234375
5 0.0203125 0.3125 0.040625 0.246875
0 0.01875 0.0953125 0.0375 0.190625
0 0.43984375 0.0328125 0.0609375 0.065625
2 0.8671875 0.22109375 0.0453125 0.05625
4 0.784375 0.3921875 0.43125 0.35
4 0.784375 0.325 0.43125 0.334375
5 0.92109375 0.20546875 0.08125 0.125
0 0.875 0.0921875 0.065625 0.1078125
0 0.58671875 0.1484375 0.0359375 0.296875
5 0.5953125 0.41796875 0.053125 0.2890625
4 0.284375 0.8796875 0.56875 0.240625
4 0.284375 0.84375 0.56875 0.290625
5 0.02109375 0.909375 0.0421875 0.18125
0 0.01796875 0.7390625 0.0359375 0.178125
4 0.784375 0.73359375 0.43125 0.1671875
4 0.784375 0.73203125 0.43125 0.1640625
5 0.5859375 0.7125 0.034375 0.125
2 0.97109375 0.6671875 0.0578125 0.034375
0 0.58828125 0.734375 0.0390625 0.16875