2 0.01953125 0.43359375 0.0375 0.0609375
4 0.26953125 0.51171875 0.5390625 0.2359375
4 0.26953125 0.434375 0.5390625 0.24375
5 0.01875 0.4515625 0.0375 0.140625
0 0.01171875 0.31953125 0.0234375 0.1203125
4 0.76953125 0.2515625 0.4609375 0.24375
4 0.76953125 0.1765625 0.4609375 0.24375
5 0.73828125 0.18046875 0.0625 0.1203125
0 0.73828125 0.0625 0.0578125 0.125
4 0.26953125 0.91640625 0.5390625 0.1671875
4 0.26953125 0.87578125 0.5390625 0.2234375
5 0.021875 0.87890625 0.04375 0.1421875
5 0.525 0.80546875 0.028125 0.2671875
0 0.48515625 0.69296875 0.1078125 0.1265625
0 0.01328125 0.75546875 0.0265625 0.1234375
4 0.76953125 0.8828125 0.4609375 0.234375
4 0.76953125 0.8125 0.4609375 0.24375
5 0.5546875 0.81640625 0.03125 0.1203125
5 0.98515625 0.74140625 0.0296875 0.2234375
0 0.553125 0.6953125 0.028125 0.13125
0 0.9421875 0.6984375 0.115625 0.1375