2 0.3890625 0.25546875 0.0328125 0.0421875
4 0.31953125 0.36328125 0.6390625 0.0921875
4 0.31953125 0.3265625 0.6390625 0.15
5 0.43515625 0.26875 0.0484375 0.1078125
5 0.02421875 0.321875 0.0484375 0.175
0 0.025 0.115625 0.05 0.23125
0 0.409375 0.13671875 0.0546875 0.128125
2 0.8953125 0.0765625 0.084375 0.0921875
0 0.9828125 0.034375 0.034375 0.06875
0 0.6625 0.07421875 0.046875 0.1484375
5 0.665625 0.146875 0.053125 0.29375
5 0.990625 0.059375 0.01875 0.11875
4 0.81953125 0.17578125 0.3609375 0.1359375
4 0.81953125 0.10078125 0.3609375 0.1484375
2 0.50234375 0.5359375 0.0359375 0.0484375
4 0.31953125 0.6703125 0.6390625 0.175
4 0.31953125 0.6046875 0.6390625 0.159375
5 0.5546875 0.53046875 0.059375 0.1125
0 0.5296875 0.4375 0.046875 0.05625
0 0.02421875 0.48203125 0.0484375 0.1453125
5 0.02890625 0.61640625 0.0578125 0.2734375
4 0.81953125 0.78671875 0.3609375 0.1703125
4 0.81953125 0.703125 0.3609375 0.15
5 0.6609375 0.7359375 0.04375 0.209375
0 0.659375 0.52265625 0.040625 0.2265625