2 0.1484375 0.3296875 0.1078125 0.13125
4 0.134375 0.38359375 0.26875 0.1921875
4 0.134375 0.3328125 0.26875 0.228125
5 0.24921875 0.33203125 0.0390625 0.1359375
5 0.034375 0.25078125 0.06875 0.2453125
0 0.02734375 0.06328125 0.0546875 0.1265625
0 0.25625 0.21484375 0.025 0.1484375
2 0.7125 0.3546875 0.15625 0.1828125
4 0.634375 0.3859375 0.73125 0.1875
4 0.634375 0.3390625 0.73125 0.228125
5 0.29921875 0.27734375 0.0609375 0.2484375
5 0.90390625 0.35234375 0.0796875 0.1640625
4 0.134375 0.90703125 0.26875 0.1859375
5 0.0484375 0.84296875 0.096875 0.2328125
0 0.11171875 0.609375 0.1234375 0.259375
2 0.9875 0.5046875 0.025 0.05
4 0.634375 0.59453125 0.73125 0.2296875
4 0.634375 0.55390625 0.73125 0.1484375
5 0.31484375 0.5453125 0.0921875 0.13125
0 0.36796875 0.5453125 0.1359375 0.13125