2 0.19453125 0.36171875 0.05 0.065625
4 0.259375 0.39453125 0.51875 0.1703125
4 0.259375 0.35703125 0.51875 0.2453125
5 0.1328125 0.375 0.08125 0.1328125
0 0.128125 0.2640625 0.078125 0.1390625
6 0.759375 0.31875 0.48125 0.321875
4 0.759375 0.41953125 0.48125 0.1203125
5 0.453125 0.68515625 0.1203125 0.2625
5 0.01640625 0.75 0.0328125 0.1125
0 0.0125 0.6296875 0.025 0.128125
0 0.37578125 0.546875 0.1171875 0.134375
4 0.259375 0.821875 0.51875 0.24375
4 0.259375 0.75546875 0.51875 0.2421875
4 0.759375 0.6109375 0.48125 0.24375
4 0.759375 0.5625 0.48125 0.165625
5 0.915625 0.54765625 0.121875 0.1359375
5 0.53359375 0.5328125 0.0296875 0.10625
0 0.5328125 0.5109375 0.028125 0.0625
0 0.834375 0.546875 0.11875 0.134375