2 0.4640625 0.3859375 0.03125 0.05625
4 0.23984375 0.3765625 0.4796875 0.10625
0 0.4609375 0.2609375 0.0375 0.10625
0 0.02265625 0.30078125 0.0453125 0.2578125
4 0.73984375 0.1390625 0.5203125 0.278125
4 0.73984375 0.10390625 0.5203125 0.2078125
0 0.9875 0.03125 0.025 0.0625
5 0.5125 0.1640625 0.065625 0.28125
0 0.503125 0.07421875 0.046875 0.1484375
7 0.41875 0.73671875 0.1203125 0.1046875
4 0.23984375 0.875 0.4796875 0.25
4 0.23984375 0.8359375 0.4796875 0.328125
5 0.0328125 0.9203125 0.065625 0.159375
0 0.0234375 0.68359375 0.046875 0.3203125
2 0.98203125 0.53125 0.0359375 0.13125
5 0.5125 0.7234375 0.065625 0.259375
2 0.55703125 0.93203125 0.1546875 0.1359375
4 0.73984375 0.65859375 0.5203125 0.3296875
4 0.73984375 0.60078125 0.5203125 0.3203125
0 0.50703125 0.51875 0.0546875 0.178125