6 0.259375 0.12890625 0.51875 0.2578125
4 0.259375 0.18828125 0.51875 0.3265625
1 0.48828125 0.08671875 0.0609375 0.1203125
5 0.58359375 0.29140625 0.0953125 0.1421875
0 0.5734375 0.16796875 0.0703125 0.134375
4 0.759375 0.33671875 0.48125 0.3484375
4 0.759375 0.24609375 0.48125 0.3140625
4 0.259375 0.70078125 0.51875 0.3390625
4 0.259375 0.65 0.51875 0.240625
5 0.02421875 0.6578125 0.0484375 0.14375
5 0.440625 0.59609375 0.13125 0.1328125
0 0.3421875 0.6015625 0.153125 0.14375
0 0.015625 0.56328125 0.03125 0.0671875
2 0.68515625 0.88671875 0.0421875 0.0625
4 0.759375 0.88515625 0.48125 0.2296875
4 0.759375 0.84609375 0.48125 0.3078125
5 0.66484375 0.90625 0.0859375 0.1421875
0 0.6484375 0.77734375 0.0546875 0.1203125