0 0.01640625 0.353125 0.0328125 0.1375
5 0.0265625 0.228125 0.053125 0.13125
4 0.3 0.2015625 0.6 0.315625
4 0.3 0.265625 0.6 0.3125
5 0.6203125 0.2015625 0.040625 0.13125
0 0.61796875 0.31875 0.0359375 0.14375
4 0.8 0.16640625 0.4 0.2859375
4 0.8 0.24296875 0.4 0.3078125
2 0.02265625 0.6859375 0.0453125 0.09375
5 0.0203125 0.675 0.040625 0.121875
5 0.52109375 0.7921875 0.14375 0.246875
0 0.4375 0.953125 0.153125 0.09375
0 0.01875 0.79140625 0.0375 0.1328125
4 0.3 0.66015625 0.6 0.2609375
4 0.29609375 0.690625 0.5921875 0.3125
4 0.8 0.85078125 0.4 0.2984375
4 0.8 0.890625 0.4 0.21875
5 0.6140625 0.93359375 0.028125 0.1078125
2 0.60625 0.953125 0.0125 0.0375