2 0.58046875 0.21015625 0.0328125 0.05625
4 0.3546875 0.353125 0.709375 0.18125
4 0.3546875 0.271875 0.709375 0.171875
5 0.02421875 0.31796875 0.0484375 0.2484375
5 0.60546875 0.22265625 0.0640625 0.1328125
0 0.02109375 0.09765625 0.0421875 0.1953125
0 0.58046875 0.0984375 0.0375 0.115625
7 0.7921875 0.15078125 0.165625 0.2078125
4 0.8546875 0.18828125 0.290625 0.1671875
5 0.73359375 0.16328125 0.0484375 0.2390625
0 0.73203125 0.07734375 0.0453125 0.1546875
4 0.8546875 0.10625 0.290625 0.134375
2 0.26640625 0.6046875 0.165625 0.146875
4 0.3546875 0.66640625 0.709375 0.1765625
4 0.3546875 0.575 0.709375 0.159375
5 0.49140625 0.52734375 0.0796875 0.0953125
5 0.02265625 0.59921875 0.0453125 0.2265625
0 0.025 0.5546875 0.05 0.15
0 0.4578125 0.5109375 0.046875 0.0625
2 0.8921875 0.50546875 0.046875 0.0515625
4 0.8546875 0.62109375 0.290625 0.1734375
4 0.8546875 0.5546875 0.290625 0.15
5 0.984375 0.50703125 0.03125 0.0546875
5 0.7328125 0.59296875 0.046875 0.2265625
0 0.73359375 0.55546875 0.0484375 0.1515625
0 0.96796875 0.50859375 0.0515625 0.0578125