4 0.2546875 0.29453125 0.509375 0.1671875
4 0.2546875 0.19140625 0.509375 0.1546875
5 0.01796875 0.18671875 0.0359375 0.1234375
0 0.01796875 0.08046875 0.0359375 0.1328125
2 0.74921875 0.15859375 0.03125 0.05625
4 0.7546875 0.2640625 0.490625 0.1625
4 0.7546875 0.18203125 0.490625 0.1546875
5 0.7265625 0.175 0.0625 0.1328125
0 0.73203125 0.053125 0.0359375 0.10625
5 0.046875 0.8453125 0.0515625 0.115625
4 0.2546875 0.93046875 0.509375 0.1390625
4 0.2546875 0.8671875 0.509375 0.14375
0 0.05234375 0.72578125 0.053125 0.1328125
2 0.68203125 0.97109375 0.0609375 0.0578125
4 0.7546875 0.96953125 0.490625 0.0609375
5 0.58984375 0.9546875 0.0578125 0.090625
0 0.60234375 0.85078125 0.0453125 0.115625