5 0.1171875 0.1 0.0609375 0.1265625
0 0.01640625 0.2234375 0.0328125 0.3375
0 0.07265625 0.215625 0.0609375 0.140625
4 0.134375 0.06953125 0.26875 0.1390625
4 0.134375 0.07109375 0.26875 0.1421875
2 0.715625 0.3125 0.040625 0.0625
4 0.634375 0.14296875 0.73125 0.2859375
4 0.634375 0.22890625 0.73125 0.2796875
5 0.2828125 0.12890625 0.028125 0.2546875
5 0.74375 0.303125 0.08125 0.1453125
0 0.2796875 0.3625 0.021875 0.2125
0 0.70234375 0.41875 0.0515625 0.1
4 0.134375 0.55859375 0.26875 0.1796875
4 0.134375 0.58828125 0.26875 0.2390625
5 0.01640625 0.540625 0.0328125 0.14375
0 0.0125 0.7765625 0.025 0.321875
4 0.634375 0.6609375 0.73125 0.278125
4 0.634375 0.7421875 0.73125 0.265625
5 0.2828125 0.64609375 0.028125 0.2640625
5 0.8546875 0.8390625 0.0640625 0.1078125
0 0.809375 0.93984375 0.0625 0.1203125
0 0.2828125 0.88671875 0.028125 0.2265625