4 0.11484375 0.309375 0.2296875 0.265625
4 0.11484375 0.21953125 0.2296875 0.2421875
5 0.01875 0.228125 0.0375 0.134375
0 0.0140625 0.10546875 0.028125 0.1515625
2 0.01015625 0.2078125 0.0203125 0.05625
2 0.4828125 0.2234375 0.090625 0.09375
5 0.3578125 0.2234375 0.078125 0.1265625
0 0.36171875 0.1 0.06875 0.1390625
4 0.61484375 0.3109375 0.7703125 0.246875
4 0.61484375 0.24296875 0.7703125 0.2328125
2 0.01328125 0.665625 0.0265625 0.078125
4 0.11484375 0.753125 0.2296875 0.246875
4 0.11484375 0.703125 0.2296875 0.20625
5 0.01796875 0.66484375 0.0359375 0.1296875
0 0.0125 0.63125 0.025 0.0625
6 0.61484375 0.71171875 0.7703125 0.2234375
4 0.615625 0.7984375 0.76875 0.246875