5 0.3875 0.1703125 0.084375 0.1375
5 0.028125 0.25234375 0.05625 0.2265625
0 0.03046875 0.47578125 0.0609375 0.2265625
0 0.3875 0.2921875 0.059375 0.13125
4 0.284375 0.1109375 0.56875 0.221875
4 0.284375 0.18125 0.56875 0.23125
4 0.784375 0.109375 0.43125 0.21875
4 0.784375 0.1609375 0.43125 0.24375
5 0.871875 0.1609375 0.0734375 0.1109375
5 0.59296875 0.23046875 0.0484375 0.2515625
2 0.765625 0.17421875 0.065625 0.0625
0 0.6046875 0.459375 0.071875 0.259375
0 0.87265625 0.2765625 0.0671875 0.128125
2 0.39765625 0.61328125 0.0921875 0.0484375
5 0.02890625 0.67265625 0.0578125 0.1671875
0 0.03125 0.875 0.0625 0.25
4 0.284375 0.6484375 0.56875 0.11875
4 0.284375 0.6484375 0.56875 0.11875
2 0.66328125 0.7453125 0.1890625 0.259375
4 0.784375 0.728125 0.43125 0.24375
4 0.784375 0.80390625 0.43125 0.2171875
5 0.92265625 0.8015625 0.0515625 0.11875
5 0.5953125 0.8765625 0.053125 0.246875
0 0.92421875 0.91796875 0.0515625 0.121875