6 0.39453125 0.309375 0.7890625 0.159375
5 0.034375 0.32734375 0.06875 0.1234375
2 0.82265625 0.05546875 0.0671875 0.1109375
5 0.81328125 0.05625 0.0484375 0.1125
5 0.8421875 0.0234375 0.0375 0.046875
4 0.89453125 0.09609375 0.2109375 0.1765625
4 0.89453125 0.05234375 0.2109375 0.1046875
0 0.81640625 0.07890625 0.0546875 0.1578125
0 0.83203125 0.02890625 0.0484375 0.0578125
5 0.021875 0.8109375 0.04375 0.21875
5 0.6984375 0.8265625 0.04375 0.1171875
0 0.68828125 0.7125 0.0421875 0.11875
0 0.0453125 0.553125 0.090625 0.31875
4 0.39453125 0.915625 0.7890625 0.16875
4 0.39453125 0.8515625 0.7890625 0.134375
2 0.85859375 0.6171875 0.1390625 0.140625
4 0.89453125 0.66875 0.2109375 0.171875
4 0.89453125 0.58125 0.2109375 0.15625
5 0.81171875 0.5296875 0.0453125 0.21875
0 0.81328125 0.4609375 0.0484375 0.14375