2 0.1234375 0.3484375 0.1453125 0.1453125
5 0.028125 0.25703125 0.05625 0.2328125
5 0.29921875 0.3171875 0.0203125 0.096875
4 0.1546875 0.396875 0.309375 0.246875
4 0.1546875 0.3421875 0.309375 0.196875
0 0.0328125 0.07890625 0.065625 0.1578125
0 0.29453125 0.20859375 0.0296875 0.1203125
5 0.33671875 0.403125 0.0546875 0.24375
5 0.78359375 0.4625 0.0609375 0.1046875
0 0.78671875 0.3515625 0.0484375 0.11875
0 0.33671875 0.14921875 0.0546875 0.2984375
4 0.6546875 0.50859375 0.690625 0.1828125
4 0.6546875 0.4734375 0.690625 0.234375
5 0.14609375 0.69375 0.0515625 0.115625
5 0.02734375 0.67578125 0.0546875 0.1515625
0 0.0328125 0.67421875 0.065625 0.1484375
0 0.14453125 0.63203125 0.0515625 0.0640625
4 0.1546875 0.75625 0.309375 0.2375
4 0.1546875 0.69453125 0.309375 0.1890625
4 0.6546875 0.69765625 0.690625 0.1953125
4 0.6546875 0.65703125 0.690625 0.1140625
5 0.3390625 0.66328125 0.059375 0.1265625
5 0.796875 0.62578125 0.053125 0.0515625
0 0.7953125 0.63046875 0.053125 0.0609375
0 0.33828125 0.6796875 0.0578125 0.159375