5 0.02890625 0.15703125 0.0578125 0.2609375
5 0.58046875 0.30546875 0.0578125 0.1328125
0 0.559375 0.42421875 0.0609375 0.146875
0 0.0234375 0.43203125 0.046875 0.2734375
4 0.3046875 0.15 0.609375 0.203125
4 0.3046875 0.2296875 0.609375 0.225
5 0.6359375 0.3765625 0.053125 0.259375
4 0.8046875 0.37578125 0.390625 0.2390625
4 0.8046875 0.44609375 0.390625 0.2328125
6 0.4890625 0.82734375 0.0453125 0.0484375
4 0.3046875 0.67890625 0.609375 0.2203125
4 0.3046875 0.740625 0.609375 0.221875
0 0.50859375 0.934375 0.0640625 0.13125
0 0.02421875 0.8921875 0.0484375 0.215625
5 0.02890625 0.68828125 0.0578125 0.2390625
5 0.5421875 0.825 0.075 0.125
4 0.8046875 0.71015625 0.390625 0.2453125
4 0.8046875 0.78984375 0.390625 0.2453125
5 0.6375 0.715625 0.05625 0.25
0 0.63359375 0.9203125 0.0484375 0.159375