2 0.45078125 0.4375 0.0828125 0.090625
5 0.025 0.43046875 0.05 0.2359375
0 0.02265625 0.1546875 0.0453125 0.309375
4 0.31484375 0.52421875 0.6296875 0.1109375
4 0.31484375 0.45703125 0.6296875 0.1328125
4 0.81484375 0.19453125 0.3703125 0.1421875
4 0.81484375 0.1171875 0.3703125 0.128125
5 0.675 0.11796875 0.090625 0.2359375
0 0.70546875 0.06953125 0.0859375 0.1390625
2 0.3734375 0.83828125 0.0359375 0.0453125
4 0.31484375 0.9421875 0.6296875 0.115625
4 0.31484375 0.8765625 0.6296875 0.125
5 0.40625 0.83984375 0.0578125 0.1140625
5 0.025 0.84921875 0.05 0.2515625
0 0.02578125 0.65390625 0.0515625 0.1484375
0 0.403125 0.728125 0.0546875 0.15
2 0.66953125 0.83984375 0.0796875 0.1421875
4 0.81484375 0.89609375 0.3703125 0.1421875
4 0.81484375 0.8046875 0.3703125 0.125
5 0.86171875 0.78203125 0.0765625 0.11875
5 0.6515625 0.765625 0.04375 0.225
0 0.65234375 0.6546875 0.0453125 0.15
0 0.8453125 0.66328125 0.04375 0.125