2 0.140625 0.06796875 0.203125 0.1359375
4 0.3046875 0.053125 0.609375 0.10625
4 0.3046875 0.02734375 0.609375 0.0546875
5 0.4 0.02734375 0.0375 0.0546875
5 0.02265625 0.05703125 0.0453125 0.1140625
0 0.02421875 0.0796875 0.0484375 0.159375
0 0.390625 0.028125 0.0375 0.05625
4 0.8046875 0.1859375 0.390625 0.146875
4 0.8046875 0.0953125 0.390625 0.121875
5 0.63671875 0.1109375 0.0546875 0.221875
0 0.63203125 0.078125 0.0453125 0.15625
2 0.6 0.5046875 0.01875 0.05625
4 0.3046875 0.61171875 0.609375 0.1609375
4 0.3046875 0.53046875 0.609375 0.1359375
0 0.0328125 0.503125 0.065625 0.146875
5 0.0265625 0.5375 0.053125 0.215625
5 0.63125 0.771875 0.04375 0.234375
5 0.79609375 0.77109375 0.0484375 0.1109375
4 0.8046875 0.86171875 0.390625 0.1296875
4 0.8046875 0.79609375 0.390625 0.1234375
0 0.63203125 0.54296875 0.0453125 0.2265625
0 0.7890625 0.65625 0.0484375 0.1265625