3 0.2609375 0.43203125 0.025 0.0359375
5 0.22109375 0.421875 0.0484375 0.05625
7 0.53828125 0.35859375 0.2609375 0.1828125
4 0.334375 0.29765625 0.66875 0.2046875
4 0.334375 0.365625 0.66875 0.16875
4 0.834375 0.1390625 0.33125 0.23125
4 0.834375 0.19765625 0.33125 0.2046875
5 0.68203125 0.2765625 0.0265625 0.1125
0 0.68359375 0.38125 0.0296875 0.128125
2 0.68046875 0.27734375 0.0234375 0.0640625
2 0.00859375 0.82734375 0.0171875 0.0421875
4 0.334375 0.68203125 0.66875 0.2078125
4 0.334375 0.7421875 0.66875 0.21875
5 0.01328125 0.81875 0.0265625 0.10625
5 0.6171875 0.6890625 0.103125 0.23125
0 0.6203125 0.90234375 0.096875 0.1953125
0 0.015625 0.94140625 0.03125 0.1171875
4 0.834375 0.596875 0.33125 0.215625
4 0.834375 0.66484375 0.33125 0.2078125
5 0.68515625 0.74375 0.0328125 0.121875
0 0.68671875 0.8578125 0.0359375 0.15