6 0.18984375 0.37109375 0.3796875 0.3359375
5 0.025 0.284375 0.05 0.2375
1 0.05859375 0.2328125 0.1171875 0.05625
6 0.68984375 0.3921875 0.6203125 0.215625
4 0.68984375 0.25234375 0.6203125 0.1171875
1 0.5359375 0.275 0.253125 0.0640625
5 0.41640625 0.3171875 0.0734375 0.25625
3 0.26875 0.684375 0.015625 0.0390625
2 0.246875 0.69453125 0.028125 0.046875
4 0.18984375 0.575 0.3796875 0.071875
4 0.18984375 0.6296875 0.3796875 0.08125
5 0.2890625 0.671875 0.05625 0.115625
5 0.021875 0.640625 0.04375 0.203125
0 0.0203125 0.871875 0.040625 0.25625
0 0.259375 0.78515625 0.0359375 0.1734375
4 0.68984375 0.96015625 0.6203125 0.0796875