2 0.17109375 0.36484375 0.0703125 0.0828125
4 0.11484375 0.44296875 0.2296875 0.1515625
4 0.11484375 0.41484375 0.2296875 0.2078125
5 0.221875 0.346875 0.015625 0.121875
5 0.021875 0.46796875 0.04375 0.1015625
0 0.01796875 0.2625 0.0359375 0.3375
0 0.1953125 0.234375 0.06875 0.140625
2 0.70546875 0.1984375 0.0546875 0.075
4 0.61484375 0.3421875 0.7703125 0.29375
4 0.61484375 0.27890625 0.7703125 0.2859375
5 0.77890625 0.1671875 0.075 0.128125
5 0.25625 0.37265625 0.053125 0.2578125
0 0.246875 0.125 0.034375 0.25
0 0.7421875 0.059375 0.053125 0.11875
4 0.11484375 0.91328125 0.2296875 0.1734375
4 0.11484375 0.87421875 0.2296875 0.2515625
5 0.1453125 0.78984375 0.0734375 0.115625
5 0.025 0.92734375 0.05 0.1453125
0 0.1 0.67421875 0.0734375 0.15
0 0.0203125 0.7046875 0.040625 0.34375
2 0.86953125 0.5984375 0.04375 0.0546875
4 0.61484375 0.765625 0.7703125 0.315625
4 0.61484375 0.6984375 0.7703125 0.3
5 0.92265625 0.58515625 0.0765625 0.121875
0 0.88125 0.5453125 0.0625 0.053125
0 0.246875 0.59609375 0.034375 0.1546875
5 0.26015625 0.77265625 0.0609375 0.2890625