4 0.26953125 0.1296875 0.5390625 0.259375
4 0.26953125 0.18828125 0.5390625 0.2234375
1 0.0640625 0.2015625 0.128125 0.109375
5 0.44609375 0.18671875 0.0609375 0.1171875
5 0.025 0.221875 0.05 0.15625
2 0.8890625 0.040625 0.18125 0.08125
4 0.76953125 0.06640625 0.4609375 0.1328125
4 0.76953125 0.06171875 0.4609375 0.1234375
5 0.5640625 0.0984375 0.05 0.196875
0 0.0296875 0.9109375 0.059375 0.178125
5 0.528125 0.63203125 0.021875 0.1453125
5 0.028125 0.72421875 0.05625 0.2578125
4 0.26953125 0.57578125 0.5390625 0.2734375
4 0.26953125 0.653125 0.5390625 0.278125
2 0.96328125 0.728125 0.0515625 0.065625
4 0.76953125 0.64140625 0.4609375 0.2890625
4 0.76953125 0.7265625 0.4609375 0.265625
5 0.5671875 0.79921875 0.05625 0.2890625