5 0.0140625 0.35 0.028125 0.115625
0 0.03984375 0.2453125 0.0578125 0.1296875
4 0.21953125 0.378125 0.4390625 0.14375
5 0.46015625 0.36328125 0.0421875 0.1328125
0 0.95703125 0.27109375 0.0859375 0.3140625
0 0.4546875 0.25546875 0.03125 0.1265625
4 0.71953125 0.38046875 0.5609375 0.1390625
4 0.21953125 0.70078125 0.4390625 0.3015625
4 0.21953125 0.646875 0.4390625 0.2625
5 0.03515625 0.53984375 0.0703125 0.1390625
0 0.0671875 0.484375 0.065625 0.06875
6 0.71953125 0.5765625 0.5609375 0.253125
4 0.71953125 0.65390625 0.5609375 0.2734375