2 0.2046875 0.1203125 0.065625 0.078125
4 0.175 0.1984375 0.35 0.265625
4 0.175 0.13359375 0.35 0.2484375
5 0.2765625 0.13203125 0.0546875 0.1171875
5 0.02578125 0.08046875 0.0515625 0.1609375
0 0.0296875 0.07109375 0.059375 0.1421875
0 0.278125 0.040625 0.06875 0.08125
5 0.38046875 0.10625 0.0609375 0.2125
5 0.92421875 0.18359375 0.0734375 0.1296875
0 0.93359375 0.06875 0.0609375 0.1375
0 0.378125 0.06328125 0.05625 0.1265625
4 0.675 0.2421875 0.65 0.21875
4 0.675 0.16484375 0.65 0.2390625
4 0.175 0.95078125 0.35 0.0984375
4 0.175 0.921875 0.35 0.15625
5 0.02734375 0.88125 0.0546875 0.2375
0 0.0578125 0.6703125 0.115625 0.221875
4 0.675 0.92578125 0.65 0.1484375
4 0.675 0.90234375 0.65 0.1953125
5 0.38203125 0.8421875 0.0640625 0.240625
0 0.41953125 0.6484375 0.1234375 0.178125
2 0.9921875 0.91015625 0.015625 0.0671875