2 0.59140625 0.2875 0.0765625 0.115625
5 0.0390625 0.29765625 0.078125 0.2453125
2 0.02734375 0.08984375 0.0546875 0.1796875
4 0.31484375 0.20703125 0.6296875 0.1578125
4 0.31484375 0.2640625 0.6296875 0.15
4 0.81484375 0.06875 0.3703125 0.1375
5 0.6640625 0.10078125 0.06875 0.2015625
0 0.65234375 0.33125 0.0453125 0.275
2 0.315625 0.70390625 0.1390625 0.1390625
5 0.025 0.759375 0.05 0.23125
5 0.503125 0.7484375 0.0390625 0.096875
4 0.31484375 0.64921875 0.6296875 0.1796875
4 0.31484375 0.7046875 0.6296875 0.128125
0 0.028125 0.93203125 0.05625 0.1359375
0 0.49296875 0.8578125 0.05 0.1203125
4 0.81484375 0.59375 0.3703125 0.1875
4 0.81484375 0.67890625 0.3703125 0.1671875
5 0.65234375 0.71484375 0.0453125 0.2109375
0 0.6515625 0.9046875 0.04375 0.190625