2 0.19140625 0.0453125 0.1546875 0.090625
4 0.2546875 0.0828125 0.509375 0.165625
4 0.2546875 0.05703125 0.509375 0.1140625
5 0.0265625 0.040625 0.053125 0.08125
2 0.5359375 0.10078125 0.053125 0.1234375
4 0.7546875 0.2171875 0.490625 0.228125
4 0.7546875 0.159375 0.490625 0.21875
5 0.52578125 0.08828125 0.0328125 0.1203125
0 0.5234375 0.03203125 0.028125 0.0640625
5 0.028125 0.48046875 0.05625 0.0609375
5 0.0609375 0.484375 0.053125 0.06875
4 0.2546875 0.58671875 0.509375 0.2171875
4 0.2546875 0.5390625 0.509375 0.178125
5 0.7171875 0.4765625 0.0625 0.053125
0 0.75 0.48046875 0.05 0.0609375
4 0.7546875 0.5796875 0.490625 0.240625
4 0.7546875 0.5421875 0.490625 0.184375