4 0.16484375 0.33203125 0.3296875 0.1546875
4 0.16484375 0.40546875 0.3296875 0.1546875
5 0.0125 0.425 0.025 0.1125
3 0.5859375 0.08203125 0.021875 0.0515625
5 0.54453125 0.08125 0.0421875 0.10625
0 0.55546875 0.19921875 0.0390625 0.134375
7 0.8703125 0.14296875 0.259375 0.2859375
4 0.66484375 0.034375 0.6703125 0.06875
4 0.66484375 0.0671875 0.6703125 0.128125
0 0.0109375 0.96484375 0.021875 0.0703125
5 0.0171875 0.8734375 0.034375 0.121875
4 0.16484375 0.79453125 0.3296875 0.1453125
4 0.16484375 0.859375 0.3296875 0.140625
2 0.56640625 0.8234375 0.075 0.078125
4 0.66484375 0.72421875 0.6703125 0.1546875
4 0.66484375 0.796875 0.6703125 0.134375
5 0.4703125 0.8234375 0.0453125 0.1015625
0 0.48203125 0.92734375 0.0453125 0.1453125