4 0.21484375 0.3609375 0.4296875 0.078125
4 0.21484375 0.3203125 0.4296875 0.159375
5 0.3140625 0.30078125 0.0609375 0.1125
5 0.02109375 0.27421875 0.0421875 0.2484375
0 0.3046875 0.1765625 0.0578125 0.1484375
0 0.02890625 0.08515625 0.0578125 0.1703125
4 0.71484375 0.34921875 0.5703125 0.1015625
5 0.45078125 0.303125 0.0421875 0.19375
0 0.45546875 0.10625 0.0515625 0.2125
4 0.21484375 0.60390625 0.4296875 0.1609375
4 0.21484375 0.53984375 0.4296875 0.1734375
5 0.021875 0.50546875 0.04375 0.2109375
0 0.028125 0.46875 0.05625 0.1375
5 0.45 0.6234375 0.040625 0.246875
0 0.47890625 0.47265625 0.0984375 0.1453125
2 0.96484375 0.63046875 0.0703125 0.1046875
4 0.71484375 0.75 0.5703125 0.153125
4 0.71484375 0.66328125 0.5703125 0.1484375