4 0.225 0.24765625 0.45 0.2234375
4 0.225 0.303125 0.45 0.171875
5 0.41015625 0.37421875 0.0671875 0.0296875
5 0.034375 0.2625 0.06875 0.253125
2 0.77578125 0.1203125 0.1078125 0.125
5 0.48046875 0.0640625 0.0609375 0.128125
2 0.490625 0.07734375 0.08125 0.1546875
4 0.725 0.053125 0.55 0.10625
4 0.725 0.08125 0.55 0.1625
5 0.92109375 0.13203125 0.0640625 0.121875
0 0.8875 0.2546875 0.05625 0.1296875
0 0.484375 0.25390625 0.06875 0.2703125
2 0.43046875 0.8078125 0.0390625 0.065625
4 0.225 0.6390625 0.45 0.2375
4 0.225 0.73359375 0.45 0.2140625
5 0.03515625 0.65859375 0.0703125 0.2953125
0 0.02734375 0.8875 0.0546875 0.225
2 0.86484375 0.6484375 0.0828125 0.0859375
4 0.725 0.50625 0.55 0.225
4 0.725 0.58046875 0.55 0.2046875
5 0.96171875 0.66875 0.0546875 0.10625
5 0.48359375 0.5296875 0.0671875 0.26875
0 0.4796875 0.8078125 0.059375 0.30625
0 0.92734375 0.77265625 0.05625 0.1546875