4 0.15 0.1140625 0.3 0.221875
4 0.15 0.18828125 0.3 0.2234375
5 0.01484375 0.190625 0.0296875 0.115625
5 0.26875 0.25625 0.0625 0.23125
0 0.01328125 0.309375 0.0265625 0.134375
0 0.21484375 0.471875 0.1078125 0.234375
2 0.38125 0.34453125 0.05 0.0625
4 0.65 0.259375 0.7 0.225
4 0.65 0.3375 0.7 0.225
5 0.3140625 0.3390625 0.028125 0.109375
5 0.97109375 0.3953125 0.0578125 0.240625
0 0.93125 0.5484375 0.1125 0.08125
0 0.3140625 0.4515625 0.028125 0.11875
2 0.2640625 0.78828125 0.05 0.0625
4 0.15 0.703125 0.3 0.225
4 0.15 0.78125 0.3 0.225
5 0.159375 0.78359375 0.0578125 0.109375
0 0.1609375 0.8953125 0.0578125 0.11875
5 0.41640625 0.9515625 0.0609375 0.096875
4 0.65 0.8875 0.7 0.196875
4 0.65 0.92734375 0.7 0.1453125