2 0.28828125 0.38515625 0.1625 0.190625
4 0.275 0.47265625 0.55 0.2390625
4 0.275 0.39921875 0.55 0.2328125
5 0.09921875 0.3203125 0.084375 0.171875
5 0.571875 0.303125 0.04375 0.14375
0 0.565625 0.1828125 0.03125 0.1375
4 0.775 0.4796875 0.45 0.26875
4 0.775 0.384375 0.45 0.234375
5 0.0140625 0.7796875 0.028125 0.13125
0 0.01328125 0.6828125 0.0265625 0.0875
4 0.275 0.91328125 0.55 0.1734375
4 0.275 0.8796875 0.55 0.209375
6 0.775 0.78203125 0.45 0.2859375
1 0.82265625 0.86171875 0.265625 0.1046875
5 0.95625 0.83671875 0.0875 0.2671875