5 0.028125 0.05703125 0.05625 0.1140625
0 0.0359375 0.07734375 0.071875 0.1546875
7 0.3046875 0.08125 0.290625 0.1625
4 0.225 0.0703125 0.45 0.140625
4 0.225 0.053125 0.45 0.10625
4 0.725 0.14375 0.55 0.246875
4 0.725 0.1 0.55 0.2
5 0.4765625 0.06796875 0.053125 0.1359375
2 0.9765625 0.06796875 0.046875 0.0609375
0 0.484375 0.075 0.06875 0.15
4 0.225 0.57265625 0.45 0.2390625
4 0.225 0.52890625 0.45 0.1796875
5 0.025 0.49609375 0.05 0.1140625
0 0.02734375 0.515625 0.0546875 0.153125
2 0.95078125 0.71484375 0.0984375 0.1296875
4 0.725 0.78125 0.55 0.234375
4 0.725 0.71484375 0.55 0.2109375
5 0.4796875 0.64453125 0.059375 0.2609375
0 0.49765625 0.5109375 0.0953125 0.14375