2 0.18515625 0.45390625 0.1703125 0.0921875
4 0.3296875 0.44609375 0.659375 0.1078125
5 0.01953125 0.39921875 0.0390625 0.1265625
0 0.653125 0.16640625 0.0125 0.3140625
0 0.0109375 0.275 0.021875 0.13125
6 0.8296875 0.08125 0.340625 0.1625
4 0.8296875 0.2046875 0.340625 0.1125
2 0.32890625 0.91953125 0.0890625 0.0984375
0 0.22109375 0.8 0.05 0.146875
5 0.2015625 0.903125 0.0609375 0.13125
4 0.3296875 0.98359375 0.659375 0.0328125
4 0.3296875 0.93984375 0.659375 0.1203125
5 0.80234375 0.6390625 0.0421875 0.128125
0 0.82890625 0.53984375 0.0390625 0.0796875
4 0.8296875 0.7796875 0.340625 0.1375
4 0.8296875 0.70078125 0.340625 0.0890625